6505803	10384072	10172943	9549184	24978538	11960529	9931953	65110	16218954	11667893	24826799	11422035	444795	10096043	11676786	10302451	23725625	10127622	44137675	44137675	11152667	25262965	6450551	16760671	11364421	10184653	156422	20635522	10390396	46883536	24785538	10077147	82146	2375	5460769	387447	5328940	5280757	2314623	5327091	126565	24825971	644215	9956119	6918454	16663089	104842	442972	6253	560326	3062316	148124	31703	9938202	300471	3218	448013	176870	36462	3463933	3005532	24776445	17755052	5311510	25124816	25022668	16095342	9943465	15983966	123631	60750	521106	5291	11609586	11624601	25222038	49836027	11626927	5278396	6445533	9549280	208908	216326	462382	24964624	4261	126941	24202429	5746	5459322	11327430	11977753	16038120	644241	11433190	11640390	10027278	16727411	6851947	9826528	5330286	1401	11496366	51371303	11713159	10461815	24180719	36314	5420805	10113978	4993	42623900	44182295	44450571	5284616	160355	76044	176158	11316960	46782929	5717801	5208	216239	5329102	9907093	11455910	6918289	446378	159324	5494449	10341154	6710780	60780	5311	11844351	49821040	46844147	16760646	9914412
0.0	1.0	1.0	1.0	1.0	1.0	1.0	1.0	1.0	1.0	1.0	1.0	1.0	0.999999999998	1.0	1.0	1.0	1.0	0.999999999997	0.999999999997	1.0	1.0	1.0	1.0	0.999999999997	1.0	1.0	1.0	1.0	1.0	1.0	1.0	1.0	1.0	1.0	1.0	1.0	1.0	1.0	1.0	1.0	1.0	1.0	1.0	1.0	1.0	1.0	1.0	1.0	1.0	1.0	1.0	1.0	1.0	1.0	1.0	1.0	1.0	1.0	1.0	1.0	1.0	1.0	1.0	1.0	1.0	1.0	1.0	1.0	1.0	1.0	1.0	1.0	1.0	1.0	1.0	1.0	1.0	1.0	1.0	1.0	1.0	1.0	0.999999999999	1.0	1.0	1.0	1.0	1.0	1.0	1.0	1.0	1.0	1.0	1.0	1.0	1.0	1.0	0.999999999951	1.0	1.0	1.0	1.0	1.0	1.0	1.0	1.0	1.0	1.0	1.0	1.0	1.0	1.0	1.0	1.0	1.0	1.0	1.0	1.0	1.0	1.0	1.0	1.0	1.0	1.0	1.0	1.0	1.0	1.0	1.0	1.0	1.0	1.0	1.0	1.0	0.999999999975	1.0	0.999999999999	1.0
1.0	0.0	0.999999999981	1.0	1.0	1.0	0.999999992805	1.0	1.0	1.0	1.0	1.0	1.0	1.0	1.0	1.0	1.0	1.0	0.999999999999	0.999999999999	1.0	1.0	0.999999999776	0.999999999994	1.0	1.0	1.0	1.0	0.999999999997	1.0	1.0	1.0	1.0	1.0	1.0	1.0	1.0	1.0	1.0	0.999999999717	1.0	1.0	0.999999999888	1.0	1.0	1.0	0.999999999177	1.0	1.0	1.0	1.0	1.0	1.0	1.0	1.0	1.0	1.0	1.0	1.0	1.0	1.0	0.99999999964	1.0	1.0	1.0	0.999999947818	1.0	0.999999999924	1.0	1.0	1.0	1.0	1.0	0.999999999998	1.0	1.0	1.0	1.0	1.0	0.999999999999	1.0	1.0	1.0	1.0	0.999999999988	1.0	1.0	1.0	1.0	1.0	0.999999999967	1.0	1.0	1.0	1.0	0.999999999988	1.0	0.999999999999	1.0	1.0	1.0	1.0	1.0	1.0	1.0	1.0	0.999999999984	1.0	1.0	1.0	1.0	1.0	1.0	1.0	1.0	1.0	1.0	0.999946657166	1.0	1.0	1.0	1.0	1.0	1.0	1.0	1.0	1.0	1.0	0.999999999978	1.0	1.0	1.0	1.0	1.0	1.0	1.0	1.0	1.0	1.0
1.0	0.999999999981	0.0	1.0	1.0	1.0	0.999999976147	1.0	0.999999998485	0.999999999318	1.0	0.999999999999	1.0	0.999999999967	0.999999999985	1.0	0.999999999988	1.0	0.999999999976	0.999999999976	1.0	0.999999999566	0.999999951682	0.999999999914	0.999999999998	0.999999999915	0.99999999996	1.0	0.999999999468	1.0	0.999999999996	1.0	1.0	1.0	1.0	1.0	1.0	1.0	1.0	0.999999999969	1.0	0.999999997332	0.999999999577	0.999999999977	1.0	1.0	0.999999999742	1.0	1.0	1.0	0.999999999999	1.0	1.0	1.0	1.0	1.0	1.0	1.0	1.0	1.0	1.0	1.0	0.999999999982	1.0	1.0	0.999998249177	1.0	1.0	1.0	0.999999999651	1.0	1.0	0.999999999517	0.999994138131	1.0	0.999999999929	1.0	1.0	1.0	0.999999734302	1.0	1.0	1.0	1.0	0.999999999742	0.999999999972	1.0	1.0	1.0	1.0	0.999999999976	0.999999999907	1.0	1.0	1.0	0.999999714837	1.0	0.999999990702	1.0	1.0	0.999999999994	1.0	0.999999998957	0.999999999999	1.0	1.0	1.0	1.0	1.0	1.0	1.0	0.999999999888	1.0	1.0	1.0	0.99999999994	1.0	1.0	1.0	1.0	1.0	1.0	1.0	0.999999999996	0.9999999999	1.0	1.0	1.0	0.999999998827	0.999999999985	1.0	1.0	1.0	1.0	1.0	0.999999999972	0.999999999842	1.0	0.999999992249
1.0	1.0	1.0	0.0	1.0	1.0	1.0	1.0	0.999999982931	1.0	1.0	1.0	1.0	0.99999999985	1.0	0.999999998037	1.0	1.0	1.0	1.0	1.0	0.999999999499	1.0	1.0	0.99999995697	0.999999999996	0.999999504565	0.999999995123	0.999999999932	1.0	0.999999999997	1.0	1.0	1.0	1.0	1.0	0.999999999998	1.0	1.0	1.0	1.0	0.999999999006	1.0	1.0	1.0	1.0	1.0	1.0	1.0	1.0	0.999999999946	1.0	1.0	0.999999999999	1.0	1.0	1.0	1.0	0.999999999974	1.0	1.0	1.0	0.99999999996	1.0	0.999999997969	1.0	0.999999280327	1.0	0.999999999876	0.999999999968	1.0	1.0	0.999999986175	1.0	1.0	0.999999935031	0.999999999979	1.0	1.0	1.0	1.0	0.999999999999	1.0	1.0	1.0	1.0	1.0	0.999999982147	1.0	1.0	1.0	0.999999999992	0.999999257182	1.0	0.999999999487	1.0	1.0	1.0	1.0	1.0	0.99999999995	0.999999999992	0.99999999986	1.0	1.0	0.999999999999	1.0	1.0	1.0	0.999999999996	1.0	0.99999998075	1.0	1.0	1.0	1.0	1.0	1.0	1.0	1.0	1.0	1.0	1.0	0.999999999999	1.0	1.0	1.0	1.0	0.999999999993	1.0	1.0	1.0	1.0	1.0	0.999999775353	0.999999999999	0.999999996903	1.0	0.999998777263
1.0	1.0	1.0	1.0	0.0	1.0	1.0	1.0	1.0	1.0	1.0	1.0	1.0	1.0	1.0	1.0	1.0	1.0	1.0	1.0	1.0	1.0	1.0	1.0	1.0	1.0	1.0	1.0	1.0	1.0	1.0	1.0	1.0	1.0	1.0	1.0	1.0	1.0	1.0	1.0	1.0	1.0	1.0	1.0	1.0	1.0	1.0	1.0	1.0	1.0	1.0	1.0	1.0	1.0	1.0	1.0	1.0	1.0	1.0	1.0	1.0	1.0	1.0	1.0	1.0	1.0	1.0	1.0	1.0	1.0	1.0	1.0	1.0	1.0	1.0	1.0	1.0	1.0	1.0	1.0	1.0	1.0	1.0	1.0	1.0	1.0	1.0	1.0	1.0	1.0	1.0	1.0	1.0	1.0	1.0	1.0	1.0	1.0	1.0	1.0	1.0	1.0	1.0	1.0	1.0	1.0	1.0	1.0	1.0	1.0	1.0	1.0	1.0	1.0	1.0	1.0	1.0	1.0	1.0	1.0	1.0	1.0	1.0	1.0	1.0	1.0	1.0	1.0	1.0	1.0	1.0	1.0	1.0	1.0	1.0	1.0	1.0	1.0	1.0
1.0	1.0	1.0	1.0	1.0	0.0	0.999999998361	1.0	1.0	1.0	1.0	1.0	1.0	1.0	1.0	1.0	1.0	1.0	1.0	1.0	0.999999999993	1.0	1.0	1.0	1.0	1.0	1.0	1.0	1.0	1.0	1.0	1.0	1.0	1.0	1.0	1.0	1.0	1.0	1.0	0.999999999999	1.0	1.0	0.999999999991	1.0	1.0	1.0	1.0	1.0	1.0	1.0	1.0	1.0	1.0	1.0	1.0	1.0	1.0	1.0	1.0	1.0	1.0	1.0	1.0	1.0	1.0	1.0	1.0	0.999999999997	1.0	1.0	1.0	1.0	1.0	1.0	1.0	1.0	1.0	1.0	1.0	1.0	1.0	1.0	0.99999758279	1.0	1.0	0.999999999999	1.0	1.0	1.0	1.0	1.0	1.0	1.0	1.0	1.0	1.0	1.0	1.0	1.0	1.0	1.0	1.0	1.0	1.0	1.0	1.0	1.0	1.0	1.0	1.0	1.0	1.0	1.0	1.0	1.0	0.999999999936	1.0	1.0	1.0	1.0	1.0	0.999999999961	1.0	1.0	1.0	1.0	1.0	1.0	1.0	1.0	1.0	1.0	1.0	0.999999999998	1.0	1.0	1.0	1.0	1.0
1.0	0.999999992805	0.999999976147	1.0	1.0	0.999999998361	0.0	1.0	1.0	0.999999999206	1.0	0.999999999927	1.0	0.999999988017	0.999999999997	1.0	0.999999997318	1.0	0.999999998288	0.999999998288	0.99999999959	0.999999999868	0.999999994147	0.999999999567	0.999999999999	0.999999989968	1.0	1.0	0.999999999288	1.0	0.999999999998	1.0	1.0	1.0	1.0	1.0	1.0	1.0	1.0	0.999999257792	1.0	0.99999999999	0.999999862377	0.999999999913	1.0	1.0	0.999999845754	1.0	1.0	1.0	0.999999999983	1.0	1.0	1.0	1.0	1.0	1.0	1.0	1.0	1.0	1.0	1.0	1.0	1.0	1.0	0.999999815293	1.0	0.999999998799	1.0	0.999999703585	1.0	1.0	0.999999999999	0.999999952193	0.999999999994	0.999999999995	1.0	1.0	0.999999999994	0.999999837519	1.0	1.0	0.99999999934	1.0	0.999999997347	0.99999999999	1.0	1.0	1.0	1.0	0.999999999182	0.999999999999	1.0	1.0	1.0	0.999999999993	0.999999999998	0.999999996442	1.0	1.0	0.999999999936	1.0	0.99999999734	0.99999999984	1.0	1.0	0.999999999994	1.0	1.0	1.0	1.0	1.0	1.0	1.0	1.0	0.999999997932	0.999999999999	0.999999992911	1.0	1.0	1.0	0.999999999584	1.0	0.999999942954	0.999999994043	1.0	1.0	1.0	0.999999999992	0.999999999997	1.0	1.0	1.0	1.0	1.0	0.999999999996	0.999999999265	1.0	0.999999999952
1.0	1.0	1.0	1.0	1.0	1.0	1.0	0.0	1.0	1.0	1.0	1.0	1.0	1.0	1.0	1.0	1.0	1.0	1.0	1.0	1.0	1.0	1.0	1.0	1.0	1.0	1.0	1.0	1.0	1.0	1.0	1.0	1.0	1.0	1.0	1.0	1.0	1.0	1.0	1.0	1.0	1.0	1.0	1.0	1.0	1.0	1.0	1.0	1.0	1.0	1.0	1.0	1.0	1.0	1.0	1.0	1.0	1.0	1.0	1.0	1.0	1.0	1.0	1.0	1.0	1.0	1.0	1.0	1.0	1.0	1.0	1.0	1.0	1.0	1.0	1.0	1.0	1.0	1.0	1.0	1.0	1.0	1.0	1.0	1.0	1.0	1.0	1.0	1.0	1.0	1.0	1.0	1.0	1.0	1.0	1.0	1.0	1.0	1.0	1.0	1.0	1.0	1.0	1.0	1.0	1.0	1.0	1.0	1.0	1.0	1.0	1.0	1.0	1.0	1.0	1.0	1.0	1.0	1.0	1.0	1.0	1.0	1.0	1.0	1.0	1.0	1.0	1.0	1.0	1.0	1.0	1.0	1.0	1.0	1.0	1.0	1.0	1.0	1.0
1.0	1.0	0.999999998485	0.999999982931	1.0	1.0	1.0	1.0	0.0	1.0	1.0	1.0	1.0	0.999999999982	0.999999999999	0.999999999926	0.999999999999	1.0	1.0	1.0	1.0	0.999999999995	1.0	1.0	0.999999998837	0.999999999957	0.999999812108	0.999999999995	0.999999999868	1.0	0.99999999988	1.0	1.0	1.0	1.0	1.0	1.0	1.0	1.0	1.0	1.0	0.999999992903	1.0	0.999999999999	1.0	1.0	1.0	1.0	1.0	1.0	0.999999999999	1.0	1.0	1.0	1.0	1.0	1.0	1.0	1.0	1.0	1.0	1.0	0.999999997733	1.0	1.0	0.999999998221	0.999999999266	1.0	1.0	0.999999999993	1.0	1.0	0.999998928944	1.0	1.0	0.999999997653	0.999999999997	1.0	1.0	0.999999999999	1.0	0.999999999949	1.0	1.0	0.999999999365	1.0	1.0	0.999999996624	1.0	1.0	0.99999999997	0.999999993209	0.999999999726	1.0	0.999999999792	0.999999998216	1.0	1.0	1.0	1.0	0.999999999742	0.999999999999	1.0	1.0	1.0	0.999999999907	1.0	1.0	1.0	1.0	1.0	0.999999585343	1.0	1.0	1.0	1.0	1.0	1.0	0.999999999999	1.0	1.0	1.0	1.0	1.0	1.0	1.0	1.0	1.0	0.999999999978	0.999999999883	1.0	1.0	1.0	1.0	0.999999997606	0.999999999999	0.999999999927	1.0	0.999998750489
1.0	1.0	0.999999999318	1.0	1.0	1.0	0.999999999206	1.0	1.0	0.0	1.0	0.999999992436	1.0	0.999999995454	0.999999970792	0.999999999987	0.999999999931	1.0	0.999999984286	0.999999984286	1.0	0.999999998829	0.999999999916	0.999999546157	0.999999999994	0.999999934385	0.999999976548	1.0	0.999999736226	1.0	0.99999999999	1.0	1.0	1.0	1.0	1.0	1.0	1.0	1.0	0.99999999707	1.0	0.999999434932	0.999999931725	0.999999999997	1.0	1.0	0.99999999998	1.0	1.0	1.0	0.999999803121	1.0	1.0	1.0	1.0	1.0	1.0	1.0	1.0	1.0	1.0	1.0	1.0	1.0	1.0	0.999999977968	1.0	0.999999995431	1.0	0.999999995845	1.0	1.0	0.99999817116	0.99999994318	0.999999999994	0.999999999904	1.0	1.0	1.0	0.999999997947	1.0	1.0	1.0	1.0	0.999999998923	0.999998514311	0.999999999999	1.0	1.0	1.0	1.0	0.999999999847	0.999999999999	1.0	0.999999999935	0.999999999776	1.0	0.999999993827	0.999999999895	1.0	0.99999999452	0.999999999995	0.999999996215	1.0	1.0	1.0	1.0	1.0	1.0	0.999999999976	1.0	0.999999999963	1.0	0.999999999863	1.0	0.999999871895	1.0	0.999999999832	0.999999999967	1.0	1.0	1.0	1.0	0.999999999796	0.9999999636	0.999999999999	1.0	1.0	0.99999999927	0.999999999887	1.0	1.0	1.0	1.0	0.999999999353	0.999999999984	0.999999999318	1.0	0.999999889506
1.0	1.0	1.0	1.0	1.0	1.0	1.0	1.0	1.0	1.0	0.0	1.0	1.0	1.0	0.999999999998	1.0	1.0	1.0	1.0	1.0	1.0	1.0	1.0	1.0	1.0	1.0	1.0	1.0	1.0	1.0	1.0	1.0	1.0	1.0	1.0	1.0	1.0	1.0	1.0	1.0	1.0	1.0	1.0	1.0	1.0	1.0	1.0	1.0	1.0	1.0	1.0	1.0	1.0	0.999999999999	1.0	1.0	1.0	1.0	1.0	1.0	1.0	1.0	1.0	1.0	1.0	1.0	1.0	1.0	0.999999999971	1.0	1.0	1.0	0.999999999996	1.0	1.0	1.0	1.0	1.0	1.0	1.0	1.0	1.0	1.0	1.0	1.0	1.0	1.0	1.0	1.0	1.0	1.0	1.0	1.0	0.999999999915	1.0	1.0	1.0	1.0	1.0	1.0	1.0	1.0	1.0	1.0	1.0	1.0	1.0	1.0	1.0	1.0	1.0	1.0	1.0	1.0	1.0	1.0	1.0	1.0	1.0	1.0	1.0	1.0	1.0	1.0	1.0	1.0	1.0	1.0	1.0	1.0	1.0	1.0	1.0	1.0	1.0	1.0	1.0	1.0	0.999999999999
1.0	1.0	0.999999999999	1.0	1.0	1.0	0.999999999927	1.0	1.0	0.999999992436	1.0	0.0	1.0	0.999999999985	0.999999999962	1.0	1.0	1.0	0.999999999998	0.999999999998	0.999999999986	0.999999999999	0.999999996368	0.999999999835	1.0	0.999999999998	1.0	1.0	0.999999999982	1.0	1.0	1.0	1.0	1.0	1.0	1.0	0.999999999993	1.0	1.0	0.999999999866	1.0	0.999999999955	0.999999807384	0.999999389471	1.0	1.0	1.0	1.0	1.0	1.0	0.999999999989	1.0	1.0	1.0	1.0	1.0	1.0	1.0	1.0	1.0	1.0	1.0	1.0	1.0	1.0	0.99999999996	1.0	0.999999999993	1.0	0.999999999924	1.0	1.0	0.999999999983	0.999999999683	0.9999999999	1.0	1.0	1.0	0.999999999967	0.999999999998	1.0	1.0	1.0	1.0	0.999999999975	0.999999999989	1.0	1.0	1.0	1.0	0.999999999998	0.999999999955	1.0	1.0	1.0	1.0	1.0	0.999999999999	1.0	1.0	0.999999999975	1.0	0.999999999998	1.0	1.0	1.0	1.0	1.0	1.0	1.0	1.0	1.0	1.0	0.999999999996	1.0	0.999999999792	1.0	0.999999999982	1.0	1.0	1.0	1.0	1.0	1.0	0.999999999972	1.0	1.0	1.0	1.0	0.999999999992	1.0	1.0	1.0	1.0	1.0	1.0	1.0	1.0	0.999999999997
1.0	1.0	1.0	1.0	1.0	1.0	1.0	1.0	1.0	1.0	1.0	1.0	0.0	1.0	1.0	1.0	1.0	1.0	1.0	1.0	1.0	1.0	1.0	1.0	1.0	1.0	1.0	1.0	1.0	1.0	1.0	1.0	1.0	1.0	1.0	1.0	1.0	1.0	1.0	1.0	1.0	1.0	1.0	1.0	1.0	1.0	1.0	1.0	1.0	1.0	1.0	1.0	1.0	1.0	1.0	1.0	1.0	1.0	1.0	1.0	1.0	1.0	1.0	1.0	1.0	1.0	1.0	1.0	1.0	1.0	1.0	1.0	1.0	1.0	1.0	1.0	1.0	1.0	1.0	1.0	1.0	1.0	1.0	1.0	1.0	1.0	1.0	1.0	1.0	1.0	1.0	1.0	1.0	1.0	1.0	1.0	1.0	1.0	1.0	1.0	1.0	1.0	1.0	1.0	1.0	1.0	1.0	1.0	1.0	1.0	1.0	1.0	1.0	1.0	1.0	1.0	1.0	1.0	1.0	1.0	1.0	1.0	1.0	1.0	1.0	1.0	1.0	1.0	1.0	1.0	1.0	1.0	1.0	1.0	1.0	1.0	1.0	1.0	1.0
0.999999999998	1.0	0.999999999967	0.99999999985	1.0	1.0	0.999999988017	1.0	0.999999999982	0.999999995454	1.0	0.999999999985	1.0	0.0	0.9999999999	0.999999774859	0.999999993982	1.0	0.999988156449	0.999988156449	0.999999999453	0.999998956057	0.999999999991	0.999999999833	0.999999469868	0.999998051556	0.999999681056	0.999999999386	0.999989389947	1.0	0.999999999966	1.0	1.0	1.0	1.0	1.0	0.999999998483	1.0	1.0	0.999990347916	0.999999999999	0.999999936175	0.999999998915	0.999999999996	1.0	1.0	0.999999966099	1.0	1.0	1.0	0.999999941265	1.0	0.999999999528	0.999999997356	1.0	1.0	1.0	1.0	0.999999998718	1.0	1.0	1.0	0.999999999875	1.0	1.0	0.999999996276	0.99999999944	1.0	0.999999999985	0.999999065867	1.0	1.0	0.999999855152	0.999999999999	0.999999999994	0.99999999111	1.0	1.0	0.999999999988	0.999999894985	1.0	1.0	1.0	0.999999999998	0.999999998392	0.999999999983	0.999999999988	1.0	1.0	1.0	0.999999999237	0.999999999998	0.999999999677	1.0	0.99999997378	0.999999999999	1.0	0.999999999973	0.999999996467	1.0	0.999980060614	0.999999995465	0.999999989796	1.0	1.0	1.0	1.0	1.0	1.0	1.0	1.0	0.999999999993	1.0	1.0	1.0	0.999999876805	1.0	0.999999999998	0.999999697709	0.999999985874	1.0	1.0	1.0	0.999999905612	0.999998777415	1.0	1.0	1.0	0.999999999973	0.999999995058	1.0	1.0	1.0	1.0	0.999999993995	0.999999999946	0.999999838647	0.999999999993	0.999996885044
1.0	1.0	0.999999999985	1.0	1.0	1.0	0.999999999997	1.0	0.999999999999	0.999999970792	0.999999999998	0.999999999962	1.0	0.9999999999	0.0	1.0	0.999999999811	1.0	0.999999985078	0.999999985078	1.0	0.999999999994	0.999999999995	0.999999999995	0.999999999917	0.999999994135	0.999999999797	0.999999999998	0.999999987856	1.0	1.0	1.0	1.0	1.0	1.0	1.0	0.999999999916	1.0	1.0	0.999999999999	1.0	0.99999999992	0.999999999999	0.999999999979	1.0	1.0	0.999999999968	1.0	1.0	1.0	0.999999999994	1.0	1.0	1.0	1.0	1.0	1.0	1.0	1.0	1.0	1.0	1.0	1.0	1.0	1.0	0.999999999991	1.0	1.0	1.0	0.999999999987	1.0	1.0	0.999999923987	0.999999999998	0.999999999997	0.999999999997	1.0	1.0	1.0	0.999999999952	1.0	1.0	1.0	1.0	0.999999999942	0.999999999433	1.0	1.0	1.0	1.0	1.0	0.999983333464	0.999999999998	0.999999999926	0.999999998921	0.999999999997	1.0	0.999999999997	0.999999999999	1.0	0.999999999998	1.0	0.999999999997	1.0	1.0	1.0	1.0	1.0	1.0	0.999999999999	1.0	0.999999999998	1.0	1.0	1.0	0.999999999999	1.0	1.0	0.999999999994	1.0	1.0	1.0	1.0	1.0	0.999999997788	1.0	1.0	1.0	0.999999996678	0.999999999999	1.0	1.0	1.0	1.0	0.999999999928	0.999999999997	0.99999999763	1.0	0.999999995101
1.0	1.0	1.0	0.999999998037	1.0	1.0	1.0	1.0	0.999999999926	0.999999999987	1.0	1.0	1.0	0.999999774859	1.0	0.0	1.0	1.0	0.999999999992	0.999999999992	1.0	0.999998282172	1.0	0.999999999995	0.999999992542	0.9999999425	0.99999958228	0.999999999278	0.999999987912	1.0	0.999999999999	1.0	1.0	1.0	1.0	1.0	0.999972254409	1.0	1.0	1.0	1.0	0.999999992334	0.99999999999	0.999999999999	1.0	1.0	1.0	1.0	1.0	1.0	0.999999850952	1.0	1.0	0.999999999988	1.0	1.0	1.0	1.0	0.999999999856	1.0	1.0	1.0	0.999999996266	1.0	1.0	1.0	0.999999980464	1.0	0.999999999998	0.999953440237	1.0	1.0	0.999999070856	1.0	1.0	0.999999374546	1.0	1.0	1.0	1.0	1.0	1.0	1.0	1.0	0.999999999999	1.0	1.0	1.0	1.0	1.0	0.99999999999	1.0	0.999999933121	1.0	0.999999990081	1.0	1.0	1.0	1.0	1.0	0.999999992089	0.999999892154	0.99999996523	1.0	1.0	1.0	1.0	1.0	1.0	1.0	1.0	0.999999999991	1.0	1.0	1.0	0.999999999759	1.0	1.0	0.999999999905	1.0	1.0	1.0	1.0	0.999999999893	0.999999999975	1.0	1.0	1.0	0.999999999999	0.999999999144	1.0	1.0	1.0	1.0	0.999998841196	1.0	0.999999871479	1.0	0.999986591352
1.0	1.0	0.999999999988	1.0	1.0	1.0	0.999999997318	1.0	0.999999999999	0.999999999931	1.0	1.0	1.0	0.999999993982	0.999999999811	1.0	0.0	1.0	0.999999730369	0.999999730369	1.0	0.999999999743	0.999999999994	0.999999999681	0.999999999507	0.999999998181	0.999999999998	1.0	0.999999920625	1.0	0.999999997821	1.0	1.0	1.0	1.0	1.0	1.0	1.0	1.0	0.999999999825	1.0	0.999999999984	0.999999999728	1.0	1.0	1.0	0.999999993268	1.0	1.0	1.0	0.999999999862	1.0	1.0	0.999999999989	1.0	1.0	1.0	1.0	0.999999999996	1.0	1.0	1.0	1.0	1.0	1.0	0.999999999691	1.0	1.0	1.0	0.999999975545	1.0	1.0	0.99999999991	0.999999999993	1.0	0.999999997359	0.999999999999	1.0	1.0	0.999999999164	1.0	1.0	1.0	1.0	0.999999999661	0.999999999993	0.999999999999	1.0	1.0	1.0	0.999999999998	0.999999999996	0.999999999997	0.999999999999	0.99999999994	0.999999999999	1.0	1.0	0.999999999964	1.0	0.999999998649	1.0	0.99999999779	0.999999999978	1.0	1.0	0.999999999998	1.0	1.0	0.999999999995	1.0	1.0	1.0	1.0	1.0	0.999999999995	1.0	1.0	0.999999999997	0.999999999994	1.0	1.0	0.999999999999	0.999999999368	0.999999986188	1.0	1.0	1.0	0.999999999984	0.999999999888	1.0	1.0	1.0	1.0	0.999999999974	0.999999999735	0.999999993755	1.0	0.999999979835
1.0	1.0	1.0	1.0	1.0	1.0	1.0	1.0	1.0	1.0	1.0	1.0	1.0	1.0	1.0	1.0	1.0	0.0	1.0	1.0	1.0	1.0	1.0	1.0	1.0	0.999999999999	1.0	1.0	1.0	1.0	1.0	1.0	1.0	1.0	1.0	1.0	1.0	1.0	1.0	1.0	1.0	1.0	1.0	1.0	1.0	1.0	1.0	1.0	1.0	1.0	1.0	1.0	1.0	1.0	1.0	1.0	1.0	1.0	1.0	1.0	1.0	1.0	1.0	1.0	1.0	1.0	1.0	1.0	1.0	1.0	1.0	1.0	1.0	1.0	1.0	1.0	1.0	1.0	1.0	1.0	1.0	1.0	1.0	1.0	1.0	1.0	1.0	1.0	1.0	1.0	1.0	1.0	1.0	1.0	1.0	1.0	1.0	1.0	1.0	1.0	1.0	1.0	1.0	1.0	1.0	1.0	1.0	1.0	1.0	1.0	1.0	1.0	1.0	1.0	1.0	1.0	1.0	0.999999999996	1.0	1.0	1.0	1.0	1.0	1.0	1.0	1.0	1.0	1.0	1.0	1.0	1.0	1.0	1.0	1.0	1.0	1.0	1.0	1.0	1.0
0.999999999997	0.999999999999	0.999999999976	1.0	1.0	1.0	0.999999998288	1.0	1.0	0.999999984286	1.0	0.999999999998	1.0	0.999988156449	0.999999985078	0.999999999992	0.999999730369	1.0	0.0	0.0	0.999999999987	0.99999970945	0.999999999984	0.999999975969	0.999999970408	0.999999685048	0.999999999954	1.0	0.999976427175	1.0	0.999999999997	1.0	1.0	1.0	1.0	1.0	0.999999999999	1.0	1.0	0.999999502375	1.0	0.999999997285	0.999999991121	0.999999999999	1.0	1.0	0.999999893144	1.0	1.0	1.0	0.999999991833	1.0	1.0	0.999999999943	1.0	1.0	1.0	1.0	0.999999999993	1.0	1.0	1.0	1.0	1.0	1.0	0.999999988751	1.0	1.0	0.999999999999	0.999999984683	1.0	1.0	0.999999997081	0.999999999995	0.999999999348	0.999999995286	1.0	1.0	1.0	0.999999978557	1.0	1.0	1.0	0.999999999999	0.999999999705	0.999999999921	0.999999999972	1.0	1.0	1.0	0.999999999996	0.999999999999	0.999999999999	1.0	0.999999971836	0.999999999987	1.0	0.999999999828	0.999999997658	1.0	0.999997671929	0.999999999997	0.999999997745	0.999999999909	1.0	1.0	1.0	1.0	1.0	0.999999999999	1.0	1.0	1.0	1.0	1.0	0.999999946556	1.0	0.999999999975	0.999999997948	0.999999999457	1.0	1.0	1.0	0.999999999875	0.991755286836	1.0	1.0	1.0	0.999999999959	0.999999999733	1.0	1.0	1.0	1.0	0.999999999955	0.999999999396	0.99999990704	0.999999999997	0.999999945474
0.999999999997	0.999999999999	0.999999999976	1.0	1.0	1.0	0.999999998288	1.0	1.0	0.999999984286	1.0	0.999999999998	1.0	0.999988156449	0.999999985078	0.999999999992	0.999999730369	1.0	0.0	0.0	0.999999999987	0.99999970945	0.999999999984	0.999999975969	0.999999970408	0.999999685048	0.999999999954	1.0	0.999976427175	1.0	0.999999999997	1.0	1.0	1.0	1.0	1.0	0.999999999999	1.0	1.0	0.999999502375	1.0	0.999999997285	0.999999991121	0.999999999999	1.0	1.0	0.999999893144	1.0	1.0	1.0	0.999999991833	1.0	1.0	0.999999999943	1.0	1.0	1.0	1.0	0.999999999993	1.0	1.0	1.0	1.0	1.0	1.0	0.999999988751	1.0	1.0	0.999999999999	0.999999984683	1.0	1.0	0.999999997081	0.999999999995	0.999999999348	0.999999995286	1.0	1.0	1.0	0.999999978557	1.0	1.0	1.0	0.999999999999	0.999999999705	0.999999999921	0.999999999972	1.0	1.0	1.0	0.999999999996	0.999999999999	0.999999999999	1.0	0.999999971836	0.999999999987	1.0	0.999999999828	0.999999997658	1.0	0.999997671929	0.999999999997	0.999999997745	0.999999999909	1.0	1.0	1.0	1.0	1.0	0.999999999999	1.0	1.0	1.0	1.0	1.0	0.999999946556	1.0	0.999999999975	0.999999997948	0.999999999457	1.0	1.0	1.0	0.999999999875	0.991755286836	1.0	1.0	1.0	0.999999999959	0.999999999733	1.0	1.0	1.0	1.0	0.999999999955	0.999999999396	0.99999990704	0.999999999997	0.999999945474
1.0	1.0	1.0	1.0	1.0	0.999999999993	0.99999999959	1.0	1.0	1.0	1.0	0.999999999986	1.0	0.999999999453	1.0	1.0	1.0	1.0	0.999999999987	0.999999999987	0.0	1.0	1.0	1.0	1.0	0.999999999998	1.0	1.0	1.0	1.0	1.0	1.0	1.0	1.0	1.0	1.0	1.0	1.0	1.0	0.999999999934	1.0	1.0	0.999999999886	1.0	1.0	1.0	1.0	1.0	1.0	1.0	0.999999999999	1.0	1.0	1.0	1.0	1.0	1.0	1.0	1.0	1.0	1.0	1.0	1.0	1.0	1.0	0.999999999996	1.0	1.0	1.0	1.0	1.0	1.0	1.0	1.0	1.0	1.0	1.0	1.0	1.0	0.999999999999	1.0	1.0	0.999999999997	1.0	1.0	0.999999999995	1.0	1.0	1.0	1.0	1.0	1.0	1.0	1.0	1.0	1.0	1.0	1.0	1.0	1.0	0.999999999782	1.0	1.0	1.0	1.0	1.0	1.0	1.0	1.0	1.0	1.0	1.0	1.0	1.0	1.0	0.999999999965	1.0	1.0	1.0	1.0	1.0	1.0	1.0	1.0	0.999999999997	1.0	1.0	1.0	1.0	0.999999999998	1.0	1.0	1.0	1.0	1.0	1.0	1.0	1.0	1.0
1.0	1.0	0.999999999566	0.999999999499	1.0	1.0	0.999999999868	1.0	0.999999999995	0.999999998829	1.0	0.999999999999	1.0	0.999998956057	0.999999999994	0.999998282172	0.999999999743	1.0	0.99999970945	0.99999970945	1.0	0.0	0.999999999999	0.999999916446	0.999999948474	0.999999697592	0.999999991331	0.999999999982	0.99999998534	1.0	0.999999999989	1.0	1.0	1.0	1.0	1.0	0.999999983867	1.0	1.0	0.999999987058	1.0	0.999999732593	0.999999975411	0.999999999991	1.0	1.0	0.999999953311	1.0	1.0	1.0	0.999999882711	1.0	0.999999999999	0.999999999986	1.0	1.0	1.0	1.0	0.999999997266	1.0	1.0	1.0	0.9999999994	1.0	1.0	0.999999999426	0.999999999784	1.0	0.999999999997	0.999993347597	1.0	1.0	0.999999980282	0.999999999988	0.999999999996	0.999990081169	1.0	1.0	1.0	0.999999999137	1.0	1.0	1.0	1.0	0.99999999998	1.0	1.0	1.0	1.0	1.0	0.999999999733	0.999999999768	0.999999998965	1.0	0.999999967093	0.999999999661	1.0	0.999999999979	1.0	1.0	0.999999916916	0.999999999788	0.999999880367	0.99999999999	1.0	1.0	1.0	1.0	1.0	0.999999999955	1.0	0.999999999968	1.0	1.0	1.0	0.999997239068	1.0	1.0	0.999999999996	0.999999999995	1.0	1.0	1.0	0.999999999957	0.999999544185	1.0	1.0	1.0	0.999999999782	0.999999999527	1.0	1.0	1.0	1.0	0.99999993052	0.99999999934	0.999987030018	1.0	0.999966974309
1.0	0.999999999776	0.999999951682	1.0	1.0	1.0	0.999999994147	1.0	1.0	0.999999999916	1.0	0.999999996368	1.0	0.999999999991	0.999999999995	1.0	0.999999999994	1.0	0.999999999984	0.999999999984	1.0	0.999999999999	0.0	0.999999999779	1.0	0.999999999998	1.0	1.0	0.999999999901	1.0	1.0	1.0	1.0	1.0	1.0	1.0	1.0	1.0	1.0	0.999999998629	1.0	0.999999999996	0.99999999944	0.999999999998	1.0	1.0	0.999999999746	1.0	1.0	1.0	1.0	1.0	1.0	1.0	1.0	1.0	1.0	1.0	1.0	1.0	1.0	0.999999999998	1.0	1.0	1.0	0.999999970059	1.0	0.999999999568	1.0	0.999999999993	1.0	1.0	0.999999999999	0.99999997358	1.0	1.0	1.0	1.0	0.99999999916	0.999999779194	1.0	1.0	1.0	1.0	0.999999990957	0.999999999997	1.0	1.0	1.0	1.0	0.999999999704	0.999999999992	1.0	1.0	1.0	0.999999999998	1.0	0.99999999582	1.0	1.0	1.0	1.0	0.999999999992	1.0	1.0	1.0	1.0	1.0	1.0	1.0	1.0	1.0	1.0	0.999999999868	1.0	0.999999999998	0.999999999994	0.999999999859	1.0	1.0	1.0	1.0	1.0	0.999999999949	0.99999999998	1.0	1.0	1.0	0.999999999131	0.999999999991	1.0	1.0	1.0	1.0	1.0	1.0	0.999999999998	1.0	0.999999999978
1.0	0.999999999994	0.999999999914	1.0	1.0	1.0	0.999999999567	1.0	1.0	0.999999546157	1.0	0.999999999835	1.0	0.999999999833	0.999999999995	0.999999999995	0.999999999681	1.0	0.999999975969	0.999999975969	1.0	0.999999916446	0.999999999779	0.0	1.0	0.999999999219	0.999999999999	1.0	0.999999994838	1.0	0.999999999998	1.0	1.0	1.0	1.0	1.0	1.0	1.0	1.0	0.999999943526	1.0	0.999999999941	0.999999877143	0.999999999994	1.0	1.0	0.999999992939	1.0	1.0	1.0	0.999999996828	1.0	1.0	1.0	1.0	1.0	1.0	1.0	1.0	1.0	1.0	1.0	1.0	0.999999999997	1.0	0.999999999802	0.999999999996	0.999999999772	1.0	0.999999972662	1.0	1.0	0.999999999369	0.999999999942	0.999999988894	0.999999999549	1.0	0.99999999993	1.0	0.999999999971	1.0	1.0	1.0	1.0	0.999999999792	0.999999999883	0.999999999507	1.0	1.0	1.0	1.0	0.999999999974	1.0	1.0	0.999999999978	0.999999999995	1.0	0.999999999983	1.0	1.0	0.999999999686	1.0	0.999999984958	0.999999999983	1.0	1.0	1.0	1.0	1.0	0.999999919408	1.0	1.0	1.0	1.0	1.0	0.999999998023	1.0	0.999999998858	1.0	0.999999999998	1.0	1.0	1.0	0.99999999987	0.999999998919	1.0	1.0	1.0	0.999999991706	1.0	1.0	1.0	1.0	1.0	0.999999999978	0.999999999993	0.99999999555	1.0	0.999999990465
0.999999999997	1.0	0.999999999998	0.99999995697	1.0	1.0	0.999999999999	1.0	0.999999998837	0.999999999994	1.0	1.0	1.0	0.999999469868	0.999999999917	0.999999992542	0.999999999507	1.0	0.999999970408	0.999999970408	1.0	0.999999948474	1.0	1.0	0.0	0.999999847593	0.999999889855	0.999999989401	0.999999970085	1.0	0.999999999288	1.0	1.0	1.0	1.0	1.0	0.999999999775	1.0	1.0	1.0	1.0	0.999999984105	1.0	1.0	1.0	1.0	0.999999999973	1.0	1.0	1.0	0.99999999665	1.0	1.0	0.999999999601	1.0	1.0	0.999999999999	1.0	0.999999999881	1.0	1.0	1.0	0.999999999677	1.0	1.0	0.999999999998	0.999999999576	1.0	0.999999999999	0.999999988051	1.0	1.0	0.999999571079	1.0	1.0	0.999999970187	1.0	1.0	1.0	0.999999999989	1.0	1.0	1.0	0.999999999964	1.0	1.0	1.0	1.0	1.0	1.0	1.0	0.999999999999	0.999999616908	1.0	0.999999998146	1.0	1.0	1.0	0.999999999958	1.0	0.999919716783	0.99999994409	0.999999999562	0.999999999992	1.0	0.999999999898	1.0	1.0	1.0	1.0	1.0	0.999999999963	1.0	1.0	1.0	0.999999995067	1.0	1.0	0.999999999996	1.0	1.0	1.0	1.0	0.999999999933	0.999999996795	1.0	1.0	0.999999999999	1.0	0.999999994606	1.0	1.0	1.0	1.0	0.999999938889	0.999999994815	0.999950649707	0.999999999653	0.999995940625
1.0	1.0	0.999999999915	0.999999999996	1.0	1.0	0.999999989968	1.0	0.999999999957	0.999999934385	1.0	0.999999999998	1.0	0.999998051556	0.999999994135	0.9999999425	0.999999998181	0.999999999999	0.999999685048	0.999999685048	0.999999999998	0.999999697592	0.999999999998	0.999999999219	0.999999847593	0.0	0.999999908731	0.999999999992	0.999999762357	1.0	0.999999999418	1.0	1.0	1.0	1.0	1.0	0.999999969228	1.0	1.0	0.999999999716	1.0	0.999999961052	0.999999971343	0.999999997052	1.0	1.0	0.99999999938	1.0	1.0	1.0	0.999999877095	1.0	1.0	0.999999999338	1.0	1.0	1.0	1.0	0.999999999981	1.0	1.0	1.0	0.999999999899	1.0	1.0	0.999999999729	0.999999999989	1.0	0.999999999883	0.999921660312	1.0	1.0	0.999999778713	0.999999999992	0.999999999999	0.999999701826	1.0	1.0	1.0	0.999999999088	1.0	0.999999999825	1.0	0.999999999994	0.999999999393	0.999999999604	0.999999999973	1.0	1.0	1.0	0.999999999987	0.999999999924	0.999999998814	0.999999999758	0.999999465108	0.99999999826	1.0	0.999999999969	0.999999999977	1.0	0.999999980927	0.99999999961	0.999998903487	0.999999999976	1.0	1.0	0.999999999995	1.0	1.0	1.0	1.0	0.999999999972	1.0	1.0	1.0	0.999999993826	1.0	0.999999999958	0.999999999234	0.99999999986	1.0	1.0	1.0	0.999999999844	0.999999790125	1.0	1.0	1.0	0.999999999268	0.999999997174	1.0	1.0	1.0	1.0	0.999999979372	0.999999999053	0.999999873044	0.999999999992	0.999986424219
1.0	1.0	0.99999999996	0.999999504565	1.0	1.0	1.0	1.0	0.999999812108	0.999999976548	1.0	1.0	1.0	0.999999681056	0.999999999797	0.99999958228	0.999999999998	1.0	0.999999999954	0.999999999954	1.0	0.999999991331	1.0	0.999999999999	0.999999889855	0.999999908731	0.0	0.999999965666	0.999999815594	1.0	0.999999999962	1.0	1.0	1.0	1.0	1.0	0.999999999831	1.0	1.0	1.0	1.0	0.99999758471	1.0	1.0	1.0	1.0	1.0	1.0	1.0	1.0	0.999999969738	1.0	1.0	0.999999999988	1.0	1.0	0.999999999999	1.0	0.999999999999	1.0	1.0	1.0	0.999999999366	1.0	1.0	0.999999999976	0.999999998701	1.0	0.999999999812	0.999999990804	1.0	1.0	0.999961665436	1.0	1.0	0.999999526232	1.0	1.0	1.0	0.999999999987	1.0	0.999999999983	1.0	1.0	0.99999999996	0.999999999994	1.0	0.999999999973	1.0	1.0	0.999999999998	0.999999999523	0.999999864124	0.999999999996	0.99999998916	0.999999999935	1.0	1.0	0.999999999994	1.0	0.999999990565	0.999999964514	0.999999996306	1.0	1.0	1.0	1.0	1.0	1.0	0.99999999999	1.0	0.999998828234	1.0	1.0	1.0	0.9999999993	1.0	1.0	0.999999999952	1.0	1.0	1.0	1.0	0.999999999941	0.99999999994	0.999999999954	1.0	1.0	0.99999999989	0.999999999097	1.0	1.0	1.0	1.0	0.999990063253	0.999999999997	0.99999992875	1.0	0.99994342379
1.0	1.0	1.0	0.999999995123	1.0	1.0	1.0	1.0	0.999999999995	1.0	1.0	1.0	1.0	0.999999999386	0.999999999998	0.999999999278	1.0	1.0	1.0	1.0	1.0	0.999999999982	1.0	1.0	0.999999989401	0.999999999992	0.999999965666	0.0	0.999999999906	1.0	1.0	1.0	1.0	1.0	1.0	1.0	0.999999999989	1.0	1.0	1.0	1.0	0.999999999959	1.0	1.0	1.0	1.0	1.0	1.0	1.0	1.0	0.99999973357	1.0	1.0	0.999999999952	1.0	1.0	0.999999999992	1.0	1.0	1.0	1.0	1.0	0.999999999773	1.0	1.0	1.0	0.999999999998	1.0	0.999999999797	0.999999999994	1.0	1.0	0.99999996549	1.0	1.0	0.999999999922	1.0	1.0	1.0	1.0	1.0	1.0	1.0	1.0	1.0	1.0	1.0	1.0	1.0	1.0	1.0	1.0	0.999999670356	1.0	0.999999998417	1.0	1.0	1.0	1.0	1.0	0.999999999967	0.999999999982	0.999999999988	1.0	1.0	0.999999999988	1.0	1.0	1.0	1.0	1.0	0.999999999998	1.0	1.0	1.0	1.0	1.0	1.0	1.0	1.0	1.0	1.0	1.0	0.999999999999	1.0	1.0	1.0	1.0	0.999999999999	0.999999991607	1.0	1.0	1.0	1.0	0.999999941944	1.0	0.99999999852	1.0	0.9999999709
1.0	0.999999999997	0.999999999468	0.999999999932	1.0	1.0	0.999999999288	1.0	0.999999999868	0.999999736226	1.0	0.999999999982	1.0	0.999989389947	0.999999987856	0.999999987912	0.999999920625	1.0	0.999976427175	0.999976427175	1.0	0.99999998534	0.999999999901	0.999999994838	0.999999970085	0.999999762357	0.999999815594	0.999999999906	0.0	1.0	0.999999999917	1.0	1.0	1.0	1.0	1.0	0.999999999763	1.0	1.0	0.999999951843	1.0	0.999999565199	0.999999934235	0.999999999999	1.0	1.0	0.999999995964	1.0	1.0	1.0	0.999997150936	1.0	0.999999999999	0.999999999918	1.0	1.0	0.999999999998	1.0	0.999999999962	1.0	1.0	0.99999999995	0.999999999997	1.0	1.0	0.99999999934	0.999999999928	1.0	0.999999999999	0.999999688585	1.0	1.0	0.999999687467	0.99999999871	0.999999999999	0.999999970847	1.0	1.0	0.999999999999	0.999999960938	1.0	0.999999999996	1.0	1.0	0.999999986841	0.999999999933	0.99999999997	1.0	1.0	1.0	0.999999999982	0.999999999991	0.999999998206	1.0	0.999999804375	0.999999999967	1.0	0.999999999888	0.999999987804	1.0	0.999999735954	0.999999999994	0.999999656323	0.999999999998	1.0	0.999999999998	1.0	1.0	1.0	0.999999999967	1.0	0.999999999437	1.0	1.0	1.0	0.999999992424	1.0	0.999999999931	0.999999995043	0.9999999994	1.0	1.0	1.0	0.999999991872	0.999998531817	0.999999999999	1.0	1.0	0.999999964166	0.999999998678	1.0	1.0	1.0	1.0	0.999999996062	0.999999999247	0.999999737257	1.0	0.999996037023
1.0	1.0	1.0	1.0	1.0	1.0	1.0	1.0	1.0	1.0	1.0	1.0	1.0	1.0	1.0	1.0	1.0	1.0	1.0	1.0	1.0	1.0	1.0	1.0	1.0	1.0	1.0	1.0	1.0	0.0	1.0	1.0	1.0	1.0	1.0	1.0	1.0	1.0	1.0	1.0	1.0	1.0	1.0	1.0	1.0	1.0	1.0	1.0	1.0	1.0	1.0	1.0	1.0	1.0	1.0	1.0	1.0	1.0	1.0	1.0	1.0	1.0	1.0	1.0	1.0	1.0	1.0	1.0	1.0	1.0	1.0	1.0	1.0	1.0	1.0	1.0	1.0	1.0	1.0	1.0	1.0	1.0	1.0	1.0	1.0	1.0	1.0	1.0	1.0	1.0	1.0	1.0	1.0	1.0	1.0	1.0	1.0	1.0	1.0	1.0	1.0	1.0	1.0	1.0	1.0	1.0	1.0	1.0	1.0	1.0	1.0	1.0	1.0	1.0	1.0	1.0	1.0	1.0	1.0	1.0	1.0	1.0	1.0	1.0	1.0	1.0	1.0	1.0	1.0	1.0	1.0	1.0	1.0	1.0	1.0	1.0	1.0	1.0	1.0
1.0	1.0	0.999999999996	0.999999999997	1.0	1.0	0.999999999998	1.0	0.99999999988	0.99999999999	1.0	1.0	1.0	0.999999999966	1.0	0.999999999999	0.999999997821	1.0	0.999999999997	0.999999999997	1.0	0.999999999989	1.0	0.999999999998	0.999999999288	0.999999999418	0.999999999962	1.0	0.999999999917	1.0	0.0	1.0	1.0	1.0	1.0	1.0	1.0	1.0	1.0	1.0	1.0	0.999999998541	0.999999999998	1.0	1.0	1.0	0.999999999997	1.0	1.0	1.0	0.999999997764	1.0	1.0	0.999999999998	1.0	1.0	1.0	1.0	1.0	1.0	1.0	1.0	0.999999999946	1.0	1.0	0.999999999983	0.999999999998	1.0	0.999999999998	0.999999999865	1.0	1.0	0.999999999266	1.0	1.0	0.999999992746	1.0	1.0	1.0	0.999999999985	1.0	1.0	1.0	1.0	0.999999999991	0.999999999989	1.0	1.0	1.0	1.0	1.0	1.0	1.0	0.999999999972	0.999999999982	0.999999999998	1.0	1.0	1.0	1.0	0.999999999601	1.0	0.999999999669	0.99999999989	1.0	1.0	1.0	1.0	1.0	1.0	1.0	1.0	1.0	1.0	1.0	0.999999999672	1.0	1.0	1.0	1.0	1.0	1.0	1.0	0.99999999957	1.0	1.0	1.0	1.0	1.0	0.999999328882	1.0	1.0	1.0	1.0	0.999999999998	0.999999999224	0.99999999992	1.0	0.999999983124
1.0	1.0	1.0	1.0	1.0	1.0	1.0	1.0	1.0	1.0	1.0	1.0	1.0	1.0	1.0	1.0	1.0	1.0	1.0	1.0	1.0	1.0	1.0	1.0	1.0	1.0	1.0	1.0	1.0	1.0	1.0	0.0	1.0	1.0	1.0	1.0	1.0	1.0	1.0	1.0	1.0	1.0	1.0	1.0	1.0	1.0	1.0	1.0	1.0	1.0	1.0	1.0	1.0	1.0	1.0	1.0	1.0	1.0	1.0	1.0	1.0	1.0	1.0	1.0	1.0	1.0	1.0	1.0	1.0	1.0	1.0	1.0	1.0	1.0	1.0	1.0	1.0	1.0	1.0	1.0	1.0	1.0	1.0	1.0	1.0	1.0	1.0	1.0	1.0	1.0	1.0	1.0	1.0	1.0	1.0	1.0	1.0	1.0	1.0	1.0	0.999999999997	1.0	1.0	1.0	1.0	1.0	1.0	1.0	1.0	1.0	1.0	1.0	1.0	1.0	1.0	1.0	1.0	1.0	1.0	1.0	1.0	1.0	1.0	1.0	1.0	1.0	1.0	1.0	1.0	1.0	1.0	1.0	1.0	1.0	1.0	1.0	1.0	1.0	1.0
1.0	1.0	1.0	1.0	1.0	1.0	1.0	1.0	1.0	1.0	1.0	1.0	1.0	1.0	1.0	1.0	1.0	1.0	1.0	1.0	1.0	1.0	1.0	1.0	1.0	1.0	1.0	1.0	1.0	1.0	1.0	1.0	0.0	1.0	1.0	1.0	1.0	1.0	1.0	1.0	1.0	1.0	1.0	1.0	1.0	1.0	1.0	1.0	1.0	1.0	1.0	1.0	1.0	1.0	1.0	1.0	1.0	1.0	1.0	1.0	1.0	1.0	1.0	1.0	1.0	1.0	1.0	1.0	1.0	1.0	1.0	1.0	1.0	1.0	1.0	1.0	1.0	1.0	1.0	1.0	1.0	1.0	1.0	1.0	1.0	1.0	1.0	1.0	1.0	1.0	1.0	1.0	1.0	1.0	1.0	1.0	1.0	1.0	1.0	1.0	1.0	1.0	1.0	1.0	1.0	1.0	1.0	1.0	1.0	1.0	1.0	1.0	1.0	1.0	1.0	1.0	1.0	1.0	1.0	1.0	1.0	1.0	1.0	1.0	1.0	1.0	1.0	1.0	1.0	1.0	1.0	1.0	1.0	1.0	1.0	1.0	1.0	1.0	1.0
1.0	1.0	1.0	1.0	1.0	1.0	1.0	1.0	1.0	1.0	1.0	1.0	1.0	1.0	1.0	1.0	1.0	1.0	1.0	1.0	1.0	1.0	1.0	1.0	1.0	1.0	1.0	1.0	1.0	1.0	1.0	1.0	1.0	0.0	1.0	1.0	1.0	1.0	1.0	1.0	1.0	1.0	1.0	1.0	1.0	1.0	1.0	1.0	1.0	1.0	1.0	1.0	1.0	1.0	1.0	1.0	1.0	1.0	1.0	1.0	1.0	1.0	1.0	1.0	1.0	1.0	1.0	1.0	1.0	1.0	1.0	1.0	1.0	1.0	1.0	1.0	1.0	1.0	1.0	1.0	1.0	1.0	1.0	1.0	1.0	1.0	1.0	1.0	1.0	1.0	1.0	1.0	1.0	1.0	1.0	1.0	1.0	1.0	1.0	1.0	1.0	1.0	1.0	1.0	1.0	1.0	1.0	1.0	1.0	1.0	1.0	1.0	1.0	1.0	1.0	1.0	1.0	1.0	1.0	1.0	1.0	1.0	0.999999999999	1.0	1.0	1.0	1.0	1.0	1.0	1.0	1.0	1.0	1.0	1.0	1.0	1.0	1.0	1.0	1.0
1.0	1.0	1.0	1.0	1.0	1.0	1.0	1.0	1.0	1.0	1.0	1.0	1.0	1.0	1.0	1.0	1.0	1.0	1.0	1.0	1.0	1.0	1.0	1.0	1.0	1.0	1.0	1.0	1.0	1.0	1.0	1.0	1.0	1.0	0.0	1.0	1.0	1.0	1.0	1.0	1.0	1.0	1.0	1.0	1.0	1.0	1.0	1.0	1.0	1.0	1.0	1.0	1.0	1.0	1.0	1.0	1.0	1.0	1.0	1.0	1.0	1.0	1.0	1.0	1.0	1.0	1.0	1.0	1.0	1.0	1.0	1.0	1.0	1.0	1.0	1.0	1.0	1.0	1.0	1.0	1.0	1.0	1.0	1.0	1.0	1.0	1.0	1.0	1.0	1.0	1.0	1.0	1.0	1.0	1.0	1.0	1.0	1.0	1.0	1.0	1.0	1.0	1.0	1.0	1.0	1.0	1.0	1.0	1.0	1.0	1.0	1.0	1.0	1.0	1.0	1.0	1.0	1.0	1.0	1.0	1.0	1.0	1.0	1.0	1.0	1.0	1.0	1.0	1.0	1.0	1.0	1.0	1.0	1.0	1.0	1.0	1.0	1.0	1.0
1.0	1.0	1.0	1.0	1.0	1.0	1.0	1.0	1.0	1.0	1.0	1.0	1.0	1.0	1.0	1.0	1.0	1.0	1.0	1.0	1.0	1.0	1.0	1.0	1.0	1.0	1.0	1.0	1.0	1.0	1.0	1.0	1.0	1.0	1.0	0.0	1.0	1.0	1.0	1.0	1.0	1.0	1.0	1.0	1.0	1.0	1.0	1.0	1.0	1.0	1.0	1.0	1.0	1.0	1.0	1.0	1.0	1.0	1.0	1.0	1.0	1.0	1.0	1.0	1.0	1.0	1.0	1.0	1.0	1.0	1.0	1.0	1.0	1.0	1.0	1.0	1.0	1.0	1.0	1.0	1.0	1.0	1.0	1.0	1.0	1.0	1.0	1.0	1.0	1.0	1.0	1.0	1.0	1.0	1.0	1.0	1.0	1.0	1.0	1.0	1.0	1.0	1.0	1.0	1.0	1.0	1.0	1.0	1.0	1.0	1.0	1.0	1.0	1.0	1.0	1.0	1.0	1.0	1.0	1.0	1.0	1.0	1.0	1.0	1.0	1.0	1.0	1.0	1.0	1.0	1.0	1.0	1.0	1.0	1.0	1.0	1.0	1.0	1.0
1.0	1.0	1.0	0.999999999998	1.0	1.0	1.0	1.0	1.0	1.0	1.0	0.999999999993	1.0	0.999999998483	0.999999999916	0.999972254409	1.0	1.0	0.999999999999	0.999999999999	1.0	0.999999983867	1.0	1.0	0.999999999775	0.999999969228	0.999999999831	0.999999999989	0.999999999763	1.0	1.0	1.0	1.0	1.0	1.0	1.0	0.0	1.0	1.0	1.0	1.0	0.999999999998	0.999999999999	0.999999992199	1.0	1.0	1.0	1.0	1.0	1.0	0.999999997566	1.0	1.0	1.0	1.0	1.0	1.0	1.0	1.0	1.0	1.0	1.0	0.999999999995	1.0	1.0	1.0	0.999999999994	1.0	1.0	0.999973661315	1.0	1.0	0.999999994416	1.0	1.0	0.99999999925	1.0	0.999999999997	1.0	1.0	1.0	1.0	1.0	1.0	1.0	1.0	1.0	1.0	1.0	1.0	0.999999999999	0.999999999413	0.999999993583	1.0	0.999999999863	1.0	1.0	1.0	1.0	1.0	0.99999999999	0.999999999463	0.999999985389	1.0	1.0	1.0	1.0	1.0	1.0	1.0	1.0	1.0	1.0	1.0	1.0	0.999999999999	1.0	1.0	0.999999999999	1.0	1.0	1.0	1.0	0.999999999997	0.999999999997	1.0	1.0	1.0	0.999999999997	0.999999999999	1.0	1.0	1.0	1.0	0.999999986085	1.0	0.999999923455	1.0	0.999999940995
1.0	1.0	1.0	1.0	1.0	1.0	1.0	1.0	1.0	1.0	1.0	1.0	1.0	1.0	1.0	1.0	1.0	1.0	1.0	1.0	1.0	1.0	1.0	1.0	1.0	1.0	1.0	1.0	1.0	1.0	1.0	1.0	1.0	1.0	1.0	1.0	1.0	0.0	1.0	1.0	1.0	1.0	1.0	1.0	1.0	1.0	1.0	1.0	1.0	1.0	1.0	1.0	1.0	1.0	1.0	1.0	1.0	1.0	1.0	1.0	1.0	1.0	1.0	1.0	1.0	1.0	1.0	1.0	1.0	1.0	1.0	1.0	1.0	1.0	1.0	1.0	1.0	1.0	1.0	1.0	1.0	1.0	1.0	1.0	1.0	1.0	1.0	1.0	1.0	1.0	1.0	1.0	1.0	1.0	1.0	1.0	1.0	1.0	1.0	1.0	1.0	1.0	1.0	1.0	1.0	1.0	1.0	1.0	1.0	1.0	1.0	1.0	1.0	1.0	0.999999999775	1.0	1.0	1.0	1.0	1.0	1.0	1.0	1.0	1.0	1.0	1.0	0.999999999998	1.0	1.0	1.0	1.0	1.0	1.0	1.0	1.0	1.0	1.0	1.0	1.0
1.0	1.0	1.0	1.0	1.0	1.0	1.0	1.0	1.0	1.0	1.0	1.0	1.0	1.0	1.0	1.0	1.0	1.0	1.0	1.0	1.0	1.0	1.0	1.0	1.0	1.0	1.0	1.0	1.0	1.0	1.0	1.0	1.0	1.0	1.0	1.0	1.0	1.0	0.0	1.0	1.0	1.0	1.0	1.0	1.0	1.0	1.0	1.0	1.0	1.0	1.0	1.0	1.0	1.0	1.0	1.0	1.0	1.0	1.0	1.0	1.0	1.0	1.0	1.0	1.0	1.0	1.0	1.0	1.0	1.0	1.0	1.0	1.0	1.0	1.0	1.0	1.0	1.0	1.0	1.0	1.0	1.0	1.0	1.0	1.0	1.0	1.0	1.0	1.0	1.0	1.0	1.0	1.0	1.0	1.0	1.0	1.0	1.0	1.0	1.0	1.0	1.0	1.0	1.0	1.0	1.0	1.0	1.0	1.0	1.0	1.0	1.0	1.0	1.0	1.0	1.0	1.0	1.0	1.0	1.0	1.0	1.0	1.0	1.0	1.0	1.0	1.0	1.0	1.0	1.0	1.0	1.0	1.0	1.0	1.0	1.0	1.0	1.0	1.0
1.0	0.999999999717	0.999999999969	1.0	1.0	0.999999999999	0.999999257792	1.0	1.0	0.99999999707	1.0	0.999999999866	1.0	0.999990347916	0.999999999999	1.0	0.999999999825	1.0	0.999999502375	0.999999502375	0.999999999934	0.999999987058	0.999999998629	0.999999943526	1.0	0.999999999716	1.0	1.0	0.999999951843	1.0	1.0	1.0	1.0	1.0	1.0	1.0	1.0	1.0	1.0	0.0	1.0	0.999999999945	0.999999946746	1.0	1.0	1.0	0.999992193885	1.0	1.0	1.0	0.999999999647	1.0	1.0	1.0	1.0	1.0	1.0	1.0	1.0	1.0	1.0	1.0	1.0	1.0	1.0	0.99999999805	1.0	0.999999995727	1.0	0.999999997149	1.0	1.0	1.0	0.999999999271	0.999999983026	0.999999999995	1.0	1.0	0.999999999942	0.999999972824	1.0	1.0	0.999999999905	1.0	0.999999999822	0.999999999988	0.999999999994	1.0	0.999999999992	1.0	0.999999999856	1.0	1.0	1.0	0.999999999998	1.0	1.0	0.999999926139	0.999999999997	1.0	0.999999998855	1.0	0.999999999732	1.0	1.0	1.0	1.0	1.0	1.0	0.999999999998	1.0	1.0	1.0	1.0	1.0	0.999999992905	1.0	0.999999993688	0.999999999979	0.999999999933	1.0	0.999999999995	1.0	0.99999999541	0.999999617517	1.0	1.0	1.0	0.999999999966	1.0	1.0	1.0	1.0	1.0	1.0	0.999999999999	0.999999999937	1.0	0.999999999833
1.0	1.0	1.0	1.0	1.0	1.0	1.0	1.0	1.0	1.0	1.0	1.0	1.0	0.999999999999	1.0	1.0	1.0	1.0	1.0	1.0	1.0	1.0	1.0	1.0	1.0	1.0	1.0	1.0	1.0	1.0	1.0	1.0	1.0	1.0	1.0	1.0	1.0	1.0	1.0	1.0	0.0	1.0	1.0	1.0	1.0	1.0	0.999999999932	1.0	1.0	1.0	1.0	1.0	1.0	1.0	1.0	1.0	1.0	1.0	1.0	1.0	1.0	1.0	1.0	1.0	1.0	0.999999999999	1.0	1.0	1.0	1.0	1.0	1.0	1.0	1.0	1.0	1.0	1.0	1.0	1.0	1.0	1.0	1.0	1.0	1.0	0.999999999999	1.0	1.0	0.99999870549	1.0	1.0	0.999999999423	1.0	1.0	1.0	1.0	0.999999999973	1.0	1.0	1.0	1.0	1.0	1.0	1.0	1.0	1.0	1.0	1.0	1.0	1.0	1.0	1.0	1.0	1.0	1.0	1.0	1.0	1.0	1.0	1.0	1.0	1.0	1.0	1.0	1.0	1.0	1.0	1.0	1.0	1.0	1.0	1.0	1.0	1.0	1.0	1.0	1.0	1.0	1.0	1.0
1.0	1.0	0.999999997332	0.999999999006	1.0	1.0	0.99999999999	1.0	0.999999992903	0.999999434932	1.0	0.999999999955	1.0	0.999999936175	0.99999999992	0.999999992334	0.999999999984	1.0	0.999999997285	0.999999997285	1.0	0.999999732593	0.999999999996	0.999999999941	0.999999984105	0.999999961052	0.99999758471	0.999999999959	0.999999565199	1.0	0.999999998541	1.0	1.0	1.0	1.0	1.0	0.999999999998	1.0	1.0	0.999999999945	1.0	0.0	0.999999797356	0.999999999998	1.0	1.0	0.999999999998	1.0	1.0	1.0	0.999999782402	1.0	1.0	0.999999999999	1.0	1.0	1.0	1.0	1.0	1.0	1.0	1.0	0.999999999996	1.0	1.0	0.999999985702	0.999999999677	1.0	0.999999999999	0.999999990996	1.0	1.0	0.999997910646	0.999999873751	1.0	0.999999425926	1.0	1.0	1.0	0.999999995231	1.0	0.999999999967	1.0	1.0	0.999999999448	0.999999998597	1.0	1.0	1.0	1.0	0.999999999998	0.999999999966	0.999999999857	0.999999999999	0.999999994956	0.999999897668	1.0	0.999999999992	0.999999999987	1.0	0.999999869524	0.999999999962	0.999999996415	1.0	1.0	1.0	1.0	1.0	1.0	0.999999999992	1.0	0.999997114831	1.0	1.0	1.0	0.999972513955	1.0	1.0	0.999999999995	0.999999999999	1.0	1.0	1.0	0.999999999988	0.99999999419	1.0	1.0	1.0	0.999999999977	0.999999907226	1.0	1.0	1.0	1.0	0.999999998282	0.999999998151	0.999999998234	0.999999999998	0.999940320153
