Tried parameters {'C2': array([[[ 0.,  0.,  0., ...,  0.,  0.,  0.],
        [ 0.,  0.,  0., ...,  0.,  0.,  0.],
        [ 0.,  0.,  0., ...,  0.,  0.,  0.],
        ..., 
        [ 0.,  0.,  0., ...,  0.,  0.,  0.],
        [ 0.,  0.,  0., ...,  0.,  0.,  0.],
        [ 0.,  0.,  0., ...,  0.,  0.,  0.]],

       [[ 0.,  0.,  0., ...,  0.,  0.,  0.],
        [ 0.,  0.,  0., ...,  0.,  0.,  0.],
        [ 0.,  0.,  0., ...,  0.,  0.,  0.],
        ..., 
        [ 0.,  0.,  0., ...,  0.,  0.,  0.],
        [ 0.,  0.,  0., ...,  0.,  0.,  0.],
        [ 0.,  0.,  0., ...,  0.,  0.,  0.]],

       [[ 0.,  0.,  0., ...,  0.,  0.,  0.],
        [ 0.,  0.,  0., ...,  0.,  0.,  0.],
        [ 0.,  0.,  0., ...,  0.,  0.,  0.],
        ..., 
        [ 0.,  0.,  0., ...,  0.,  0.,  0.],
        [ 0.,  0.,  0., ...,  0.,  0.,  0.],
        [ 0.,  0.,  0., ...,  0.,  0.,  0.]]]), 'K': 20, 'C1': array([[[ 0.        ,  0.94928815,  0.95418667, ...,  0.98718004,
          0.99184421,  0.99788383],
        [ 0.94928815,  0.        ,  0.96856074, ...,  0.94899638,
          0.96859321,  0.99361447],
        [ 0.95418667,  0.96856074,  0.        , ...,  0.98005139,
          0.96488317,  0.99159689],
        ..., 
        [ 0.98718004,  0.94899638,  0.98005139, ...,  0.        ,
          0.98976495,  0.96931196],
        [ 0.99184421,  0.96859321,  0.96488317, ...,  0.98976495,
          0.        ,  0.9970155 ],
        [ 0.99788383,  0.99361447,  0.99159689, ...,  0.96931196,
          0.9970155 ,  0.        ]],

       [[ 0.        ,  0.95178718,  0.94717324, ...,  0.97948067,
          0.9477035 ,  0.95503694],
        [ 0.95178718,  0.        ,  0.84122036, ...,  0.96502576,
          0.90731776,  0.95446401],
        [ 0.94717324,  0.84122036,  0.        , ...,  0.96893307,
          0.88958118,  0.94469318],
        ..., 
        [ 0.97948067,  0.96502576,  0.96893307, ...,  0.        ,
          0.9750718 ,  0.98789901],
        [ 0.9477035 ,  0.90731776,  0.88958118, ...,  0.9750718 ,
          0.        ,  0.87971632],
        [ 0.95503694,  0.95446401,  0.94469318, ...,  0.98789901,
          0.87971632,  0.        ]],

       [[ 0.        ,  1.        ,  1.        , ...,  0.8       ,
          1.        ,  1.        ],
        [ 1.        ,  0.        ,  0.75      , ...,  1.        ,
          0.75      ,  0.6       ],
        [ 1.        ,  0.75      ,  0.        , ...,  1.        ,
          0.66666667,  0.8       ],
        ..., 
        [ 0.8       ,  1.        ,  1.        , ...,  0.        ,
          1.        ,  1.        ],
        [ 1.        ,  0.75      ,  0.66666667, ...,  1.        ,
          0.        ,  0.5       ],
        [ 1.        ,  0.6       ,  0.8       , ...,  1.        ,
          0.5       ,  0.        ]]]), 'L': 30}. Average performances: {'R^2': 0.7985935526057804, 'MSE': 2.3554277366611904, 'Rp': 0.89414299131658714}. 
All performances: {'R^2': [0.7959454514024447, 0.7983794056612191, 0.7932134290814736, 0.8096496925419001, 0.7957797843418637], 'MSE': [2.3579164597360056, 2.371217469776322, 2.4263372219102153, 2.2314083358066847, 2.3902591960767272], 'Rp': [0.89242332164653781, 0.89392821084662588, 0.89111959030432197, 0.90008495902253305, 0.893158874762917]}. 
Tried parameters {'C2': array([[[ 0.        ,  0.00984721,  0.0095353 , ...,  0.00907425,
          0.00845532,  0.0088066 ],
        [ 0.00984721,  0.        ,  0.00815716, ...,  0.00929996,
          0.00982812,  0.0091428 ],
        [ 0.0095353 ,  0.00815716,  0.        , ...,  0.0078657 ,
          0.00939366,  0.00721439],
        ..., 
        [ 0.00907425,  0.00929996,  0.0078657 , ...,  0.        ,
          0.00894633,  0.0048681 ],
        [ 0.00845532,  0.00982812,  0.00939366, ...,  0.00894633,
          0.        ,  0.00829548],
        [ 0.0088066 ,  0.0091428 ,  0.00721439, ...,  0.0048681 ,
          0.00829548,  0.        ]],

       [[ 0.        ,  0.00678414,  0.00709402, ...,  0.00669492,
          0.00398496,  0.00666667],
        [ 0.00678414,  0.        ,  0.00403226, ...,  0.00477612,
          0.00629464,  0.00422642],
        [ 0.00709402,  0.00403226,  0.        , ...,  0.00398438,
          0.0061435 ,  0.00372093],
        ..., 
        [ 0.00669492,  0.00477612,  0.00398438, ...,  0.        ,
          0.00579646,  0.00184874],
        [ 0.00398496,  0.00629464,  0.0061435 , ...,  0.00579646,
          0.        ,  0.00603376],
        [ 0.00666667,  0.00422642,  0.00372093, ...,  0.00184874,
          0.00603376,  0.        ]],

       [[ 0.        ,  0.01      ,  0.01      , ...,  0.01      ,
          0.01      ,  0.01      ],
        [ 0.01      ,  0.        ,  0.01      , ...,  0.01      ,
          0.01      ,  0.01      ],
        [ 0.01      ,  0.01      ,  0.        , ...,  0.01      ,
          0.01      ,  0.01      ],
        ..., 
        [ 0.01      ,  0.01      ,  0.01      , ...,  0.        ,
          0.01      ,  0.01      ],
        [ 0.01      ,  0.01      ,  0.01      , ...,  0.01      ,
          0.        ,  0.01      ],
        [ 0.01      ,  0.01      ,  0.01      , ...,  0.01      ,
          0.01      ,  0.        ]]]), 'K': 20, 'C1': array([[[ 0.        ,  0.94928815,  0.95418667, ...,  0.98718004,
          0.99184421,  0.99788383],
        [ 0.94928815,  0.        ,  0.96856074, ...,  0.94899638,
          0.96859321,  0.99361447],
        [ 0.95418667,  0.96856074,  0.        , ...,  0.98005139,
          0.96488317,  0.99159689],
        ..., 
        [ 0.98718004,  0.94899638,  0.98005139, ...,  0.        ,
          0.98976495,  0.96931196],
        [ 0.99184421,  0.96859321,  0.96488317, ...,  0.98976495,
          0.        ,  0.9970155 ],
        [ 0.99788383,  0.99361447,  0.99159689, ...,  0.96931196,
          0.9970155 ,  0.        ]],

       [[ 0.        ,  0.95178718,  0.94717324, ...,  0.97948067,
          0.9477035 ,  0.95503694],
        [ 0.95178718,  0.        ,  0.84122036, ...,  0.96502576,
          0.90731776,  0.95446401],
        [ 0.94717324,  0.84122036,  0.        , ...,  0.96893307,
          0.88958118,  0.94469318],
        ..., 
        [ 0.97948067,  0.96502576,  0.96893307, ...,  0.        ,
          0.9750718 ,  0.98789901],
        [ 0.9477035 ,  0.90731776,  0.88958118, ...,  0.9750718 ,
          0.        ,  0.87971632],
        [ 0.95503694,  0.95446401,  0.94469318, ...,  0.98789901,
          0.87971632,  0.        ]],

       [[ 0.        ,  1.        ,  1.        , ...,  0.8       ,
          1.        ,  1.        ],
        [ 1.        ,  0.        ,  0.75      , ...,  1.        ,
          0.75      ,  0.6       ],
        [ 1.        ,  0.75      ,  0.        , ...,  1.        ,
          0.66666667,  0.8       ],
        ..., 
        [ 0.8       ,  1.        ,  1.        , ...,  0.        ,
          1.        ,  1.        ],
        [ 1.        ,  0.75      ,  0.66666667, ...,  1.        ,
          0.        ,  0.5       ],
        [ 1.        ,  0.6       ,  0.8       , ...,  1.        ,
          0.5       ,  0.        ]]]), 'L': 30}. Average performances: {'R^2': 0.7997737088860845, 'MSE': 2.3411804288391305, 'Rp': 0.89468105438215839}. 
All performances: {'R^2': [0.8078240769697025, 0.8019991306205556, 0.7950291346861338, 0.7944900529731834, 0.7995261491808469], 'MSE': [2.2861187355307022, 2.3185242263463803, 2.3995361890442513, 2.3782264904551367, 2.3234965028191801], 'Rp': [0.89889732192236316, 0.89586933419885206, 0.89212879945635337, 0.89203659984064754, 0.89447321649257683]}. 
Tried parameters {'C2': array([[[ 0.        ,  0.09847212,  0.09535299, ...,  0.09074251,
          0.08455318,  0.08806596],
        [ 0.09847212,  0.        ,  0.0815716 , ...,  0.09299961,
          0.09828125,  0.09142798],
        [ 0.09535299,  0.0815716 ,  0.        , ...,  0.078657  ,
          0.09393661,  0.07214391],
        ..., 
        [ 0.09074251,  0.09299961,  0.078657  , ...,  0.        ,
          0.08946333,  0.04868103],
        [ 0.08455318,  0.09828125,  0.09393661, ...,  0.08946333,
          0.        ,  0.08295483],
        [ 0.08806596,  0.09142798,  0.07214391, ...,  0.04868103,
          0.08295483,  0.        ]],

       [[ 0.        ,  0.06784141,  0.07094017, ...,  0.06694915,
          0.03984962,  0.06666667],
        [ 0.06784141,  0.        ,  0.04032258, ...,  0.04776119,
          0.06294643,  0.04226415],
        [ 0.07094017,  0.04032258,  0.        , ...,  0.03984375,
          0.06143498,  0.0372093 ],
        ..., 
        [ 0.06694915,  0.04776119,  0.03984375, ...,  0.        ,
          0.0579646 ,  0.01848739],
        [ 0.03984962,  0.06294643,  0.06143498, ...,  0.0579646 ,
          0.        ,  0.06033755],
        [ 0.06666667,  0.04226415,  0.0372093 , ...,  0.01848739,
          0.06033755,  0.        ]],

       [[ 0.        ,  0.1       ,  0.1       , ...,  0.1       ,
          0.1       ,  0.1       ],
        [ 0.1       ,  0.        ,  0.1       , ...,  0.1       ,
          0.1       ,  0.1       ],
        [ 0.1       ,  0.1       ,  0.        , ...,  0.1       ,
          0.1       ,  0.1       ],
        ..., 
        [ 0.1       ,  0.1       ,  0.1       , ...,  0.        ,
          0.1       ,  0.1       ],
        [ 0.1       ,  0.1       ,  0.1       , ...,  0.1       ,
          0.        ,  0.1       ],
        [ 0.1       ,  0.1       ,  0.1       , ...,  0.1       ,
          0.1       ,  0.        ]]]), 'K': 20, 'C1': array([[[ 0.        ,  0.94928815,  0.95418667, ...,  0.98718004,
          0.99184421,  0.99788383],
        [ 0.94928815,  0.        ,  0.96856074, ...,  0.94899638,
          0.96859321,  0.99361447],
        [ 0.95418667,  0.96856074,  0.        , ...,  0.98005139,
          0.96488317,  0.99159689],
        ..., 
        [ 0.98718004,  0.94899638,  0.98005139, ...,  0.        ,
          0.98976495,  0.96931196],
        [ 0.99184421,  0.96859321,  0.96488317, ...,  0.98976495,
          0.        ,  0.9970155 ],
        [ 0.99788383,  0.99361447,  0.99159689, ...,  0.96931196,
          0.9970155 ,  0.        ]],

       [[ 0.        ,  0.95178718,  0.94717324, ...,  0.97948067,
          0.9477035 ,  0.95503694],
        [ 0.95178718,  0.        ,  0.84122036, ...,  0.96502576,
          0.90731776,  0.95446401],
        [ 0.94717324,  0.84122036,  0.        , ...,  0.96893307,
          0.88958118,  0.94469318],
        ..., 
        [ 0.97948067,  0.96502576,  0.96893307, ...,  0.        ,
          0.9750718 ,  0.98789901],
        [ 0.9477035 ,  0.90731776,  0.88958118, ...,  0.9750718 ,
          0.        ,  0.87971632],
        [ 0.95503694,  0.95446401,  0.94469318, ...,  0.98789901,
          0.87971632,  0.        ]],

       [[ 0.        ,  1.        ,  1.        , ...,  0.8       ,
          1.        ,  1.        ],
        [ 1.        ,  0.        ,  0.75      , ...,  1.        ,
          0.75      ,  0.6       ],
        [ 1.        ,  0.75      ,  0.        , ...,  1.        ,
          0.66666667,  0.8       ],
        ..., 
        [ 0.8       ,  1.        ,  1.        , ...,  0.        ,
          1.        ,  1.        ],
        [ 1.        ,  0.75      ,  0.66666667, ...,  1.        ,
          0.        ,  0.5       ],
        [ 1.        ,  0.6       ,  0.8       , ...,  1.        ,
          0.5       ,  0.        ]]]), 'L': 30}. Average performances: {'R^2': 0.8035201703270027, 'MSE': 2.2970946159511954, 'Rp': 0.89668906706831264}. 
All performances: {'R^2': [0.804605547172102, 0.8112034871102807, 0.794597703261338, 0.7993621200051773, 0.8078319940861161], 'MSE': [2.3094255450229233, 2.235922578818653, 2.3289325448015927, 2.3694428926713655, 2.241749518441444], 'Rp': [0.89705752319548016, 0.90093554532120534, 0.89181167352555646, 0.89477540932948363, 0.89886518396983772]}. 
Tried parameters {'C2': array([[[ 0.        ,  0.98472125,  0.95352989, ...,  0.90742513,
          0.84553178,  0.88065964],
        [ 0.98472125,  0.        ,  0.81571602, ...,  0.92999611,
          0.98281247,  0.91427976],
        [ 0.95352989,  0.81571602,  0.        , ...,  0.78657005,
          0.93936608,  0.72143913],
        ..., 
        [ 0.90742513,  0.92999611,  0.78657005, ...,  0.        ,
          0.89463332,  0.48681031],
        [ 0.84553178,  0.98281247,  0.93936608, ...,  0.89463332,
          0.        ,  0.82954833],
        [ 0.88065964,  0.91427976,  0.72143913, ...,  0.48681031,
          0.82954833,  0.        ]],

       [[ 0.        ,  0.6784141 ,  0.70940171, ...,  0.66949153,
          0.39849624,  0.66666667],
        [ 0.6784141 ,  0.        ,  0.40322581, ...,  0.47761194,
          0.62946429,  0.42264151],
        [ 0.70940171,  0.40322581,  0.        , ...,  0.3984375 ,
          0.61434978,  0.37209302],
        ..., 
        [ 0.66949153,  0.47761194,  0.3984375 , ...,  0.        ,
          0.57964602,  0.18487395],
        [ 0.39849624,  0.62946429,  0.61434978, ...,  0.57964602,
          0.        ,  0.60337553],
        [ 0.66666667,  0.42264151,  0.37209302, ...,  0.18487395,
          0.60337553,  0.        ]],

       [[ 0.        ,  1.        ,  1.        , ...,  1.        ,
          1.        ,  1.        ],
        [ 1.        ,  0.        ,  1.        , ...,  1.        ,
          1.        ,  1.        ],
        [ 1.        ,  1.        ,  0.        , ...,  1.        ,
          1.        ,  1.        ],
        ..., 
        [ 1.        ,  1.        ,  1.        , ...,  0.        ,
          1.        ,  1.        ],
        [ 1.        ,  1.        ,  1.        , ...,  1.        ,
          0.        ,  1.        ],
        [ 1.        ,  1.        ,  1.        , ...,  1.        ,
          1.        ,  0.        ]]]), 'K': 20, 'C1': array([[[ 0.        ,  0.94928815,  0.95418667, ...,  0.98718004,
          0.99184421,  0.99788383],
        [ 0.94928815,  0.        ,  0.96856074, ...,  0.94899638,
          0.96859321,  0.99361447],
        [ 0.95418667,  0.96856074,  0.        , ...,  0.98005139,
          0.96488317,  0.99159689],
        ..., 
        [ 0.98718004,  0.94899638,  0.98005139, ...,  0.        ,
          0.98976495,  0.96931196],
        [ 0.99184421,  0.96859321,  0.96488317, ...,  0.98976495,
          0.        ,  0.9970155 ],
        [ 0.99788383,  0.99361447,  0.99159689, ...,  0.96931196,
          0.9970155 ,  0.        ]],

       [[ 0.        ,  0.95178718,  0.94717324, ...,  0.97948067,
          0.9477035 ,  0.95503694],
        [ 0.95178718,  0.        ,  0.84122036, ...,  0.96502576,
          0.90731776,  0.95446401],
        [ 0.94717324,  0.84122036,  0.        , ...,  0.96893307,
          0.88958118,  0.94469318],
        ..., 
        [ 0.97948067,  0.96502576,  0.96893307, ...,  0.        ,
          0.9750718 ,  0.98789901],
        [ 0.9477035 ,  0.90731776,  0.88958118, ...,  0.9750718 ,
          0.        ,  0.87971632],
        [ 0.95503694,  0.95446401,  0.94469318, ...,  0.98789901,
          0.87971632,  0.        ]],

       [[ 0.        ,  1.        ,  1.        , ...,  0.8       ,
          1.        ,  1.        ],
        [ 1.        ,  0.        ,  0.75      , ...,  1.        ,
          0.75      ,  0.6       ],
        [ 1.        ,  0.75      ,  0.        , ...,  1.        ,
          0.66666667,  0.8       ],
        ..., 
        [ 0.8       ,  1.        ,  1.        , ...,  0.        ,
          1.        ,  1.        ],
        [ 1.        ,  0.75      ,  0.66666667, ...,  1.        ,
          0.        ,  0.5       ],
        [ 1.        ,  0.6       ,  0.8       , ...,  1.        ,
          0.5       ,  0.        ]]]), 'L': 30}. Average performances: {'R^2': 0.8019095182616699, 'MSE': 2.3168131513551331, 'Rp': 0.89588157870375063}. 
All performances: {'R^2': [0.8012950493034512, 0.8028753922777747, 0.8008118456831319, 0.8043693939517069, 0.8001959100922844], 'MSE': [2.3293664265878569, 2.2936867446549796, 2.2953246030739582, 2.2717643570545438, 2.3939236254043275], 'Rp': [0.8953955441954865, 0.89647071433109049, 0.89533199853462908, 0.89754689280921873, 0.89466274364832887]}. 
Tried parameters {'C2': array([[[  0.        ,   9.84721246,   9.53529889, ...,   9.07425134,
           8.45531783,   8.80659643],
        [  9.84721246,   0.        ,   8.15716016, ...,   9.29996113,
           9.82812474,   9.14279763],
        [  9.53529889,   8.15716016,   0.        , ...,   7.86570046,
           9.3936608 ,   7.21439131],
        ..., 
        [  9.07425134,   9.29996113,   7.86570046, ...,   0.        ,
           8.94633319,   4.86810306],
        [  8.45531783,   9.82812474,   9.3936608 , ...,   8.94633319,
           0.        ,   8.29548327],
        [  8.80659643,   9.14279763,   7.21439131, ...,   4.86810306,
           8.29548327,   0.        ]],

       [[  0.        ,   6.78414097,   7.09401709, ...,   6.69491525,
           3.98496241,   6.66666667],
        [  6.78414097,   0.        ,   4.03225806, ...,   4.7761194 ,
           6.29464286,   4.22641509],
        [  7.09401709,   4.03225806,   0.        , ...,   3.984375  ,
           6.14349776,   3.72093023],
        ..., 
        [  6.69491525,   4.7761194 ,   3.984375  , ...,   0.        ,
           5.79646018,   1.8487395 ],
        [  3.98496241,   6.29464286,   6.14349776, ...,   5.79646018,
           0.        ,   6.03375527],
        [  6.66666667,   4.22641509,   3.72093023, ...,   1.8487395 ,
           6.03375527,   0.        ]],

       [[  0.        ,  10.        ,  10.        , ...,  10.        ,
          10.        ,  10.        ],
        [ 10.        ,   0.        ,  10.        , ...,  10.        ,
          10.        ,  10.        ],
        [ 10.        ,  10.        ,   0.        , ...,  10.        ,
          10.        ,  10.        ],
        ..., 
        [ 10.        ,  10.        ,  10.        , ...,   0.        ,
          10.        ,  10.        ],
        [ 10.        ,  10.        ,  10.        , ...,  10.        ,
           0.        ,  10.        ],
        [ 10.        ,  10.        ,  10.        , ...,  10.        ,
          10.        ,   0.        ]]]), 'K': 20, 'C1': array([[[ 0.        ,  0.94928815,  0.95418667, ...,  0.98718004,
          0.99184421,  0.99788383],
        [ 0.94928815,  0.        ,  0.96856074, ...,  0.94899638,
          0.96859321,  0.99361447],
        [ 0.95418667,  0.96856074,  0.        , ...,  0.98005139,
          0.96488317,  0.99159689],
        ..., 
        [ 0.98718004,  0.94899638,  0.98005139, ...,  0.        ,
          0.98976495,  0.96931196],
        [ 0.99184421,  0.96859321,  0.96488317, ...,  0.98976495,
          0.        ,  0.9970155 ],
        [ 0.99788383,  0.99361447,  0.99159689, ...,  0.96931196,
          0.9970155 ,  0.        ]],

       [[ 0.        ,  0.95178718,  0.94717324, ...,  0.97948067,
          0.9477035 ,  0.95503694],
        [ 0.95178718,  0.        ,  0.84122036, ...,  0.96502576,
          0.90731776,  0.95446401],
        [ 0.94717324,  0.84122036,  0.        , ...,  0.96893307,
          0.88958118,  0.94469318],
        ..., 
        [ 0.97948067,  0.96502576,  0.96893307, ...,  0.        ,
          0.9750718 ,  0.98789901],
        [ 0.9477035 ,  0.90731776,  0.88958118, ...,  0.9750718 ,
          0.        ,  0.87971632],
        [ 0.95503694,  0.95446401,  0.94469318, ...,  0.98789901,
          0.87971632,  0.        ]],

       [[ 0.        ,  1.        ,  1.        , ...,  0.8       ,
          1.        ,  1.        ],
        [ 1.        ,  0.        ,  0.75      , ...,  1.        ,
          0.75      ,  0.6       ],
        [ 1.        ,  0.75      ,  0.        , ...,  1.        ,
          0.66666667,  0.8       ],
        ..., 
        [ 0.8       ,  1.        ,  1.        , ...,  0.        ,
          1.        ,  1.        ],
        [ 1.        ,  0.75      ,  0.66666667, ...,  1.        ,
          0.        ,  0.5       ],
        [ 1.        ,  0.6       ,  0.8       , ...,  1.        ,
          0.5       ,  0.        ]]]), 'L': 30}. Average performances: {'R^2': 0.8020860207549759, 'MSE': 2.3143903807654675, 'Rp': 0.89620625503580287}. 
All performances: {'R^2': [0.8004873316177633, 0.8025431885931333, 0.810385243245719, 0.7942624274001913, 0.8027519129180724], 'MSE': [2.3611651517141423, 2.2817982142355122, 2.2420266007903034, 2.382609806050132, 2.3043521310372461], 'Rp': [0.89490188578813368, 0.89613551883977971, 0.90063860609832369, 0.89227831574184047, 0.89707694871093746]}. 
Tried parameters {'C2': array([[[   0.        ,   98.47212457,   95.35298888, ...,   90.74251342,
           84.55317832,   88.06596426],
        [  98.47212457,    0.        ,   81.57160157, ...,   92.9996113 ,
           98.28124737,   91.42797634],
        [  95.35298888,   81.57160157,    0.        , ...,   78.65700463,
           93.93660797,   72.14391314],
        ..., 
        [  90.74251342,   92.9996113 ,   78.65700463, ...,    0.        ,
           89.46333193,   48.6810306 ],
        [  84.55317832,   98.28124737,   93.93660797, ...,   89.46333193,
            0.        ,   82.95483267],
        [  88.06596426,   91.42797634,   72.14391314, ...,   48.6810306 ,
           82.95483267,    0.        ]],

       [[   0.        ,   67.84140969,   70.94017094, ...,   66.94915254,
           39.84962406,   66.66666667],
        [  67.84140969,    0.        ,   40.32258065, ...,   47.76119403,
           62.94642857,   42.26415094],
        [  70.94017094,   40.32258065,    0.        , ...,   39.84375   ,
           61.43497758,   37.20930233],
        ..., 
        [  66.94915254,   47.76119403,   39.84375   , ...,    0.        ,
           57.96460177,   18.48739496],
        [  39.84962406,   62.94642857,   61.43497758, ...,   57.96460177,
            0.        ,   60.33755274],
        [  66.66666667,   42.26415094,   37.20930233, ...,   18.48739496,
           60.33755274,    0.        ]],

       [[   0.        ,  100.        ,  100.        , ...,  100.        ,
          100.        ,  100.        ],
        [ 100.        ,    0.        ,  100.        , ...,  100.        ,
          100.        ,  100.        ],
        [ 100.        ,  100.        ,    0.        , ...,  100.        ,
          100.        ,  100.        ],
        ..., 
        [ 100.        ,  100.        ,  100.        , ...,    0.        ,
          100.        ,  100.        ],
        [ 100.        ,  100.        ,  100.        , ...,  100.        ,
            0.        ,  100.        ],
        [ 100.        ,  100.        ,  100.        , ...,  100.        ,
          100.        ,    0.        ]]]), 'K': 20, 'C1': array([[[ 0.        ,  0.94928815,  0.95418667, ...,  0.98718004,
          0.99184421,  0.99788383],
        [ 0.94928815,  0.        ,  0.96856074, ...,  0.94899638,
          0.96859321,  0.99361447],
        [ 0.95418667,  0.96856074,  0.        , ...,  0.98005139,
          0.96488317,  0.99159689],
        ..., 
        [ 0.98718004,  0.94899638,  0.98005139, ...,  0.        ,
          0.98976495,  0.96931196],
        [ 0.99184421,  0.96859321,  0.96488317, ...,  0.98976495,
          0.        ,  0.9970155 ],
        [ 0.99788383,  0.99361447,  0.99159689, ...,  0.96931196,
          0.9970155 ,  0.        ]],

       [[ 0.        ,  0.95178718,  0.94717324, ...,  0.97948067,
          0.9477035 ,  0.95503694],
        [ 0.95178718,  0.        ,  0.84122036, ...,  0.96502576,
          0.90731776,  0.95446401],
        [ 0.94717324,  0.84122036,  0.        , ...,  0.96893307,
          0.88958118,  0.94469318],
        ..., 
        [ 0.97948067,  0.96502576,  0.96893307, ...,  0.        ,
          0.9750718 ,  0.98789901],
        [ 0.9477035 ,  0.90731776,  0.88958118, ...,  0.9750718 ,
          0.        ,  0.87971632],
        [ 0.95503694,  0.95446401,  0.94469318, ...,  0.98789901,
          0.87971632,  0.        ]],

       [[ 0.        ,  1.        ,  1.        , ...,  0.8       ,
          1.        ,  1.        ],
        [ 1.        ,  0.        ,  0.75      , ...,  1.        ,
          0.75      ,  0.6       ],
        [ 1.        ,  0.75      ,  0.        , ...,  1.        ,
          0.66666667,  0.8       ],
        ..., 
        [ 0.8       ,  1.        ,  1.        , ...,  0.        ,
          1.        ,  1.        ],
        [ 1.        ,  0.75      ,  0.66666667, ...,  1.        ,
          0.        ,  0.5       ],
        [ 1.        ,  0.6       ,  0.8       , ...,  1.        ,
          0.5       ,  0.        ]]]), 'L': 30}. Average performances: {'R^2': 0.8033305626111099, 'MSE': 2.299943123493486, 'Rp': 0.89674607895105418}. 
All performances: {'R^2': [0.7951816789448579, 0.8055815381473135, 0.8061188246805834, 0.8072498768013021, 0.8025208944814928], 'MSE': [2.401245840910323, 2.3242585899261337, 2.2783042212524456, 2.2041425125907543, 2.2917644527877732], 'Rp': [0.89268145783486974, 0.89777595033900903, 0.89858914492008435, 0.89872933234641073, 0.89595450931489695]}. 
Tried parameters {'C2': array([[[ 0.,  0.,  0., ...,  0.,  0.,  0.],
        [ 0.,  0.,  0., ...,  0.,  0.,  0.],
        [ 0.,  0.,  0., ...,  0.,  0.,  0.],
        ..., 
        [ 0.,  0.,  0., ...,  0.,  0.,  0.],
        [ 0.,  0.,  0., ...,  0.,  0.,  0.],
        [ 0.,  0.,  0., ...,  0.,  0.,  0.]],

       [[ 0.,  0.,  0., ...,  0.,  0.,  0.],
        [ 0.,  0.,  0., ...,  0.,  0.,  0.],
        [ 0.,  0.,  0., ...,  0.,  0.,  0.],
        ..., 
        [ 0.,  0.,  0., ...,  0.,  0.,  0.],
        [ 0.,  0.,  0., ...,  0.,  0.,  0.],
        [ 0.,  0.,  0., ...,  0.,  0.,  0.]],

       [[ 0.,  0.,  0., ...,  0.,  0.,  0.],
        [ 0.,  0.,  0., ...,  0.,  0.,  0.],
        [ 0.,  0.,  0., ...,  0.,  0.,  0.],
        ..., 
        [ 0.,  0.,  0., ...,  0.,  0.,  0.],
        [ 0.,  0.,  0., ...,  0.,  0.,  0.],
        [ 0.,  0.,  0., ...,  0.,  0.,  0.]]]), 'K': 20, 'C1': array([[[  0.        ,   9.49288154,   9.5418667 , ...,   9.87180044,
           9.9184421 ,   9.97883834],
        [  9.49288154,   0.        ,   9.68560743, ...,   9.48996378,
           9.68593211,   9.93614474],
        [  9.5418667 ,   9.68560743,   0.        , ...,   9.8005139 ,
           9.64883174,   9.91596892],
        ..., 
        [  9.87180044,   9.48996378,   9.8005139 , ...,   0.        ,
           9.89764954,   9.6931196 ],
        [  9.9184421 ,   9.68593211,   9.64883174, ...,   9.89764954,
           0.        ,   9.97015504],
        [  9.97883834,   9.93614474,   9.91596892, ...,   9.6931196 ,
           9.97015504,   0.        ]],

       [[  0.        ,   9.51787184,   9.47173241, ...,   9.79480667,
           9.47703505,   9.55036935],
        [  9.51787184,   0.        ,   8.41220361, ...,   9.65025755,
           9.07317759,   9.54464007],
        [  9.47173241,   8.41220361,   0.        , ...,   9.68933065,
           8.89581184,   9.44693183],
        ..., 
        [  9.79480667,   9.65025755,   9.68933065, ...,   0.        ,
           9.75071795,   9.87899015],
        [  9.47703505,   9.07317759,   8.89581184, ...,   9.75071795,
           0.        ,   8.79716321],
        [  9.55036935,   9.54464007,   9.44693183, ...,   9.87899015,
           8.79716321,   0.        ]],

       [[  0.        ,  10.        ,  10.        , ...,   8.        ,
          10.        ,  10.        ],
        [ 10.        ,   0.        ,   7.5       , ...,  10.        ,
           7.5       ,   6.        ],
        [ 10.        ,   7.5       ,   0.        , ...,  10.        ,
           6.66666667,   8.        ],
        ..., 
        [  8.        ,  10.        ,  10.        , ...,   0.        ,
          10.        ,  10.        ],
        [ 10.        ,   7.5       ,   6.66666667, ...,  10.        ,
           0.        ,   5.        ],
        [ 10.        ,   6.        ,   8.        , ...,  10.        ,
           5.        ,   0.        ]]]), 'L': 30}. Average performances: {'R^2': 0.8008913921989406, 'MSE': 2.3286128885237387, 'Rp': 0.89551777463859372}. 
All performances: {'R^2': [0.798055371122429, 0.8021088569256974, 0.8045168138263017, 0.7932326155468713, 0.8065433035734031], 'MSE': [2.3130415621738547, 2.3384677329247077, 2.2705217197234484, 2.4458943289074311, 2.2751390988892495], 'Rp': [0.89434924693948503, 0.89609720544824223, 0.89709931579542823, 0.89152708295627148, 0.89851602205354142]}. 
Tried parameters {'C2': array([[[ 0.        ,  0.00984721,  0.0095353 , ...,  0.00907425,
          0.00845532,  0.0088066 ],
        [ 0.00984721,  0.        ,  0.00815716, ...,  0.00929996,
          0.00982812,  0.0091428 ],
        [ 0.0095353 ,  0.00815716,  0.        , ...,  0.0078657 ,
          0.00939366,  0.00721439],
        ..., 
        [ 0.00907425,  0.00929996,  0.0078657 , ...,  0.        ,
          0.00894633,  0.0048681 ],
        [ 0.00845532,  0.00982812,  0.00939366, ...,  0.00894633,
          0.        ,  0.00829548],
        [ 0.0088066 ,  0.0091428 ,  0.00721439, ...,  0.0048681 ,
          0.00829548,  0.        ]],

       [[ 0.        ,  0.00678414,  0.00709402, ...,  0.00669492,
          0.00398496,  0.00666667],
        [ 0.00678414,  0.        ,  0.00403226, ...,  0.00477612,
          0.00629464,  0.00422642],
        [ 0.00709402,  0.00403226,  0.        , ...,  0.00398438,
          0.0061435 ,  0.00372093],
        ..., 
        [ 0.00669492,  0.00477612,  0.00398438, ...,  0.        ,
          0.00579646,  0.00184874],
        [ 0.00398496,  0.00629464,  0.0061435 , ...,  0.00579646,
          0.        ,  0.00603376],
        [ 0.00666667,  0.00422642,  0.00372093, ...,  0.00184874,
          0.00603376,  0.        ]],

       [[ 0.        ,  0.01      ,  0.01      , ...,  0.01      ,
          0.01      ,  0.01      ],
        [ 0.01      ,  0.        ,  0.01      , ...,  0.01      ,
          0.01      ,  0.01      ],
        [ 0.01      ,  0.01      ,  0.        , ...,  0.01      ,
          0.01      ,  0.01      ],
        ..., 
        [ 0.01      ,  0.01      ,  0.01      , ...,  0.        ,
          0.01      ,  0.01      ],
        [ 0.01      ,  0.01      ,  0.01      , ...,  0.01      ,
          0.        ,  0.01      ],
        [ 0.01      ,  0.01      ,  0.01      , ...,  0.01      ,
          0.01      ,  0.        ]]]), 'K': 20, 'C1': array([[[  0.        ,   9.49288154,   9.5418667 , ...,   9.87180044,
           9.9184421 ,   9.97883834],
        [  9.49288154,   0.        ,   9.68560743, ...,   9.48996378,
           9.68593211,   9.93614474],
        [  9.5418667 ,   9.68560743,   0.        , ...,   9.8005139 ,
           9.64883174,   9.91596892],
        ..., 
        [  9.87180044,   9.48996378,   9.8005139 , ...,   0.        ,
           9.89764954,   9.6931196 ],
        [  9.9184421 ,   9.68593211,   9.64883174, ...,   9.89764954,
           0.        ,   9.97015504],
        [  9.97883834,   9.93614474,   9.91596892, ...,   9.6931196 ,
           9.97015504,   0.        ]],

       [[  0.        ,   9.51787184,   9.47173241, ...,   9.79480667,
           9.47703505,   9.55036935],
        [  9.51787184,   0.        ,   8.41220361, ...,   9.65025755,
           9.07317759,   9.54464007],
        [  9.47173241,   8.41220361,   0.        , ...,   9.68933065,
           8.89581184,   9.44693183],
        ..., 
        [  9.79480667,   9.65025755,   9.68933065, ...,   0.        ,
           9.75071795,   9.87899015],
        [  9.47703505,   9.07317759,   8.89581184, ...,   9.75071795,
           0.        ,   8.79716321],
        [  9.55036935,   9.54464007,   9.44693183, ...,   9.87899015,
           8.79716321,   0.        ]],

       [[  0.        ,  10.        ,  10.        , ...,   8.        ,
          10.        ,  10.        ],
        [ 10.        ,   0.        ,   7.5       , ...,  10.        ,
           7.5       ,   6.        ],
        [ 10.        ,   7.5       ,   0.        , ...,  10.        ,
           6.66666667,   8.        ],
        ..., 
        [  8.        ,  10.        ,  10.        , ...,   0.        ,
          10.        ,  10.        ],
        [ 10.        ,   7.5       ,   6.66666667, ...,  10.        ,
           0.        ,   5.        ],
        [ 10.        ,   6.        ,   8.        , ...,  10.        ,
           5.        ,   0.        ]]]), 'L': 30}. Average performances: {'R^2': 0.8017610420490057, 'MSE': 2.3186184298458485, 'Rp': 0.89580300203380303}. 
All performances: {'R^2': [0.8036951450298306, 0.8057061008058377, 0.7995269380555616, 0.8016956655442198, 0.7981813608095785], 'MSE': [2.2900334062364234, 2.2573657246483765, 2.3259228237801466, 2.3313786658973932, 2.3883915286669017], 'Rp': [0.89705468437693847, 0.89798090212184778, 0.89498569172488041, 0.89548005718248136, 0.89351367476286681]}. 
Tried parameters {'C2': array([[[ 0.        ,  0.09847212,  0.09535299, ...,  0.09074251,
          0.08455318,  0.08806596],
        [ 0.09847212,  0.        ,  0.0815716 , ...,  0.09299961,
          0.09828125,  0.09142798],
        [ 0.09535299,  0.0815716 ,  0.        , ...,  0.078657  ,
          0.09393661,  0.07214391],
        ..., 
        [ 0.09074251,  0.09299961,  0.078657  , ...,  0.        ,
          0.08946333,  0.04868103],
        [ 0.08455318,  0.09828125,  0.09393661, ...,  0.08946333,
          0.        ,  0.08295483],
        [ 0.08806596,  0.09142798,  0.07214391, ...,  0.04868103,
          0.08295483,  0.        ]],

       [[ 0.        ,  0.06784141,  0.07094017, ...,  0.06694915,
          0.03984962,  0.06666667],
        [ 0.06784141,  0.        ,  0.04032258, ...,  0.04776119,
          0.06294643,  0.04226415],
        [ 0.07094017,  0.04032258,  0.        , ...,  0.03984375,
          0.06143498,  0.0372093 ],
        ..., 
        [ 0.06694915,  0.04776119,  0.03984375, ...,  0.        ,
          0.0579646 ,  0.01848739],
        [ 0.03984962,  0.06294643,  0.06143498, ...,  0.0579646 ,
          0.        ,  0.06033755],
        [ 0.06666667,  0.04226415,  0.0372093 , ...,  0.01848739,
          0.06033755,  0.        ]],

       [[ 0.        ,  0.1       ,  0.1       , ...,  0.1       ,
          0.1       ,  0.1       ],
        [ 0.1       ,  0.        ,  0.1       , ...,  0.1       ,
          0.1       ,  0.1       ],
        [ 0.1       ,  0.1       ,  0.        , ...,  0.1       ,
          0.1       ,  0.1       ],
        ..., 
        [ 0.1       ,  0.1       ,  0.1       , ...,  0.        ,
          0.1       ,  0.1       ],
        [ 0.1       ,  0.1       ,  0.1       , ...,  0.1       ,
          0.        ,  0.1       ],
        [ 0.1       ,  0.1       ,  0.1       , ...,  0.1       ,
          0.1       ,  0.        ]]]), 'K': 20, 'C1': array([[[  0.        ,   9.49288154,   9.5418667 , ...,   9.87180044,
           9.9184421 ,   9.97883834],
        [  9.49288154,   0.        ,   9.68560743, ...,   9.48996378,
           9.68593211,   9.93614474],
        [  9.5418667 ,   9.68560743,   0.        , ...,   9.8005139 ,
           9.64883174,   9.91596892],
        ..., 
        [  9.87180044,   9.48996378,   9.8005139 , ...,   0.        ,
           9.89764954,   9.6931196 ],
        [  9.9184421 ,   9.68593211,   9.64883174, ...,   9.89764954,
           0.        ,   9.97015504],
        [  9.97883834,   9.93614474,   9.91596892, ...,   9.6931196 ,
           9.97015504,   0.        ]],

       [[  0.        ,   9.51787184,   9.47173241, ...,   9.79480667,
           9.47703505,   9.55036935],
        [  9.51787184,   0.        ,   8.41220361, ...,   9.65025755,
           9.07317759,   9.54464007],
        [  9.47173241,   8.41220361,   0.        , ...,   9.68933065,
           8.89581184,   9.44693183],
        ..., 
        [  9.79480667,   9.65025755,   9.68933065, ...,   0.        ,
           9.75071795,   9.87899015],
        [  9.47703505,   9.07317759,   8.89581184, ...,   9.75071795,
           0.        ,   8.79716321],
        [  9.55036935,   9.54464007,   9.44693183, ...,   9.87899015,
           8.79716321,   0.        ]],

       [[  0.        ,  10.        ,  10.        , ...,   8.        ,
          10.        ,  10.        ],
        [ 10.        ,   0.        ,   7.5       , ...,  10.        ,
           7.5       ,   6.        ],
        [ 10.        ,   7.5       ,   0.        , ...,  10.        ,
           6.66666667,   8.        ],
        ..., 
        [  8.        ,  10.        ,  10.        , ...,   0.        ,
          10.        ,  10.        ],
        [ 10.        ,   7.5       ,   6.66666667, ...,  10.        ,
           0.        ,   5.        ],
        [ 10.        ,   6.        ,   8.        , ...,  10.        ,
           5.        ,   0.        ]]]), 'L': 30}. Average performances: {'R^2': 0.8016790352485618, 'MSE': 2.3198802572154218, 'Rp': 0.89591774273984515}. 
All performances: {'R^2': [0.7961637202835536, 0.8100392092675528, 0.8084282553729956, 0.7936014580873271, 0.8001625332313804], 'MSE': [2.3951233125164695, 2.1942383644865671, 2.2430381980336169, 2.4357431603668429, 2.3312582506736121], 'Rp': [0.89335952194437951, 0.9003215596052222, 0.89957765921884236, 0.89110060976537975, 0.89522936316540147]}. 
Tried parameters {'C2': array([[[ 0.        ,  0.98472125,  0.95352989, ...,  0.90742513,
          0.84553178,  0.88065964],
        [ 0.98472125,  0.        ,  0.81571602, ...,  0.92999611,
          0.98281247,  0.91427976],
        [ 0.95352989,  0.81571602,  0.        , ...,  0.78657005,
          0.93936608,  0.72143913],
        ..., 
        [ 0.90742513,  0.92999611,  0.78657005, ...,  0.        ,
          0.89463332,  0.48681031],
        [ 0.84553178,  0.98281247,  0.93936608, ...,  0.89463332,
          0.        ,  0.82954833],
        [ 0.88065964,  0.91427976,  0.72143913, ...,  0.48681031,
          0.82954833,  0.        ]],

       [[ 0.        ,  0.6784141 ,  0.70940171, ...,  0.66949153,
          0.39849624,  0.66666667],
        [ 0.6784141 ,  0.        ,  0.40322581, ...,  0.47761194,
          0.62946429,  0.42264151],
        [ 0.70940171,  0.40322581,  0.        , ...,  0.3984375 ,
          0.61434978,  0.37209302],
        ..., 
        [ 0.66949153,  0.47761194,  0.3984375 , ...,  0.        ,
          0.57964602,  0.18487395],
        [ 0.39849624,  0.62946429,  0.61434978, ...,  0.57964602,
          0.        ,  0.60337553],
        [ 0.66666667,  0.42264151,  0.37209302, ...,  0.18487395,
          0.60337553,  0.        ]],

       [[ 0.        ,  1.        ,  1.        , ...,  1.        ,
          1.        ,  1.        ],
        [ 1.        ,  0.        ,  1.        , ...,  1.        ,
          1.        ,  1.        ],
        [ 1.        ,  1.        ,  0.        , ...,  1.        ,
          1.        ,  1.        ],
        ..., 
        [ 1.        ,  1.        ,  1.        , ...,  0.        ,
          1.        ,  1.        ],
        [ 1.        ,  1.        ,  1.        , ...,  1.        ,
          0.        ,  1.        ],
        [ 1.        ,  1.        ,  1.        , ...,  1.        ,
          1.        ,  0.        ]]]), 'K': 20, 'C1': array([[[  0.        ,   9.49288154,   9.5418667 , ...,   9.87180044,
           9.9184421 ,   9.97883834],
        [  9.49288154,   0.        ,   9.68560743, ...,   9.48996378,
           9.68593211,   9.93614474],
        [  9.5418667 ,   9.68560743,   0.        , ...,   9.8005139 ,
           9.64883174,   9.91596892],
        ..., 
        [  9.87180044,   9.48996378,   9.8005139 , ...,   0.        ,
           9.89764954,   9.6931196 ],
        [  9.9184421 ,   9.68593211,   9.64883174, ...,   9.89764954,
           0.        ,   9.97015504],
        [  9.97883834,   9.93614474,   9.91596892, ...,   9.6931196 ,
           9.97015504,   0.        ]],

       [[  0.        ,   9.51787184,   9.47173241, ...,   9.79480667,
           9.47703505,   9.55036935],
        [  9.51787184,   0.        ,   8.41220361, ...,   9.65025755,
           9.07317759,   9.54464007],
        [  9.47173241,   8.41220361,   0.        , ...,   9.68933065,
           8.89581184,   9.44693183],
