Tried parameters {'C2': array([[[ 0.,  0.,  0., ...,  0.,  0.,  0.],
        [ 0.,  0.,  0., ...,  0.,  0.,  0.],
        [ 0.,  0.,  0., ...,  0.,  0.,  0.],
        ..., 
        [ 0.,  0.,  0., ...,  0.,  0.,  0.],
        [ 0.,  0.,  0., ...,  0.,  0.,  0.],
        [ 0.,  0.,  0., ...,  0.,  0.,  0.]],

       [[ 0.,  0.,  0., ...,  0.,  0.,  0.],
        [ 0.,  0.,  0., ...,  0.,  0.,  0.],
        [ 0.,  0.,  0., ...,  0.,  0.,  0.],
        ..., 
        [ 0.,  0.,  0., ...,  0.,  0.,  0.],
        [ 0.,  0.,  0., ...,  0.,  0.,  0.],
        [ 0.,  0.,  0., ...,  0.,  0.,  0.]],

       [[ 0.,  0.,  0., ...,  0.,  0.,  0.],
        [ 0.,  0.,  0., ...,  0.,  0.,  0.],
        [ 0.,  0.,  0., ...,  0.,  0.,  0.],
        ..., 
        [ 0.,  0.,  0., ...,  0.,  0.,  0.],
        [ 0.,  0.,  0., ...,  0.,  0.,  0.],
        [ 0.,  0.,  0., ...,  0.,  0.,  0.]]]), 'K': 20, 'C1': array([[[ 0.,  0.,  0., ...,  0.,  0.,  0.],
        [ 0.,  0.,  0., ...,  0.,  0.,  0.],
        [ 0.,  0.,  0., ...,  0.,  0.,  0.],
        ..., 
        [ 0.,  0.,  0., ...,  0.,  0.,  0.],
        [ 0.,  0.,  0., ...,  0.,  0.,  0.],
        [ 0.,  0.,  0., ...,  0.,  0.,  0.]],

       [[ 0.,  0.,  0., ...,  0.,  0.,  0.],
        [ 0.,  0.,  0., ...,  0.,  0.,  0.],
        [ 0.,  0.,  0., ...,  0.,  0.,  0.],
        ..., 
        [ 0.,  0.,  0., ...,  0.,  0.,  0.],
        [ 0.,  0.,  0., ...,  0.,  0.,  0.],
        [ 0.,  0.,  0., ...,  0.,  0.,  0.]],

       [[ 0.,  0.,  0., ...,  0.,  0.,  0.],
        [ 0.,  0.,  0., ...,  0.,  0.,  0.],
        [ 0.,  0.,  0., ...,  0.,  0.,  0.],
        ..., 
        [ 0.,  0.,  0., ...,  0.,  0.,  0.],
        [ 0.,  0.,  0., ...,  0.,  0.,  0.],
        [ 0.,  0.,  0., ...,  0.,  0.,  0.]]]), 'L': 30}. Average performances: {'R^2': 0.8037699070279423, 'MSE': 2.2949871235123132, 'Rp': 0.89682441922915435}. 
All performances: {'R^2': [0.8025357298487339, 0.7983869261013082, 0.7999413325940118, 0.8128948159535525, 0.8050907306421046], 'MSE': [2.2817636558433745, 2.3711290234597233, 2.3473951385564393, 2.1933669187573512, 2.2812808809446783], 'Rp': [0.89616028943091042, 0.89370646349555283, 0.89503284328137034, 0.90169912627627757, 0.89752337366166024]}. 
Tried parameters {'C2': array([[[ 0.        ,  0.00984721,  0.0095353 , ...,  0.00907425,
          0.00845532,  0.0088066 ],
        [ 0.00984721,  0.        ,  0.00815716, ...,  0.00929996,
          0.00982812,  0.0091428 ],
        [ 0.0095353 ,  0.00815716,  0.        , ...,  0.0078657 ,
          0.00939366,  0.00721439],
        ..., 
        [ 0.00907425,  0.00929996,  0.0078657 , ...,  0.        ,
          0.00894633,  0.0048681 ],
        [ 0.00845532,  0.00982812,  0.00939366, ...,  0.00894633,
          0.        ,  0.00829548],
        [ 0.0088066 ,  0.0091428 ,  0.00721439, ...,  0.0048681 ,
          0.00829548,  0.        ]],

       [[ 0.        ,  0.00678414,  0.00709402, ...,  0.00669492,
          0.00398496,  0.00666667],
        [ 0.00678414,  0.        ,  0.00403226, ...,  0.00477612,
          0.00629464,  0.00422642],
        [ 0.00709402,  0.00403226,  0.        , ...,  0.00398438,
          0.0061435 ,  0.00372093],
        ..., 
        [ 0.00669492,  0.00477612,  0.00398438, ...,  0.        ,
          0.00579646,  0.00184874],
        [ 0.00398496,  0.00629464,  0.0061435 , ...,  0.00579646,
          0.        ,  0.00603376],
        [ 0.00666667,  0.00422642,  0.00372093, ...,  0.00184874,
          0.00603376,  0.        ]],

       [[ 0.        ,  0.01      ,  0.01      , ...,  0.01      ,
          0.01      ,  0.01      ],
        [ 0.01      ,  0.        ,  0.01      , ...,  0.01      ,
          0.01      ,  0.01      ],
        [ 0.01      ,  0.01      ,  0.        , ...,  0.01      ,
          0.01      ,  0.01      ],
        ..., 
        [ 0.01      ,  0.01      ,  0.01      , ...,  0.        ,
          0.01      ,  0.01      ],
        [ 0.01      ,  0.01      ,  0.01      , ...,  0.01      ,
          0.        ,  0.01      ],
        [ 0.01      ,  0.01      ,  0.01      , ...,  0.01      ,
          0.01      ,  0.        ]]]), 'K': 20, 'C1': array([[[ 0.,  0.,  0., ...,  0.,  0.,  0.],
        [ 0.,  0.,  0., ...,  0.,  0.,  0.],
        [ 0.,  0.,  0., ...,  0.,  0.,  0.],
        ..., 
        [ 0.,  0.,  0., ...,  0.,  0.,  0.],
        [ 0.,  0.,  0., ...,  0.,  0.,  0.],
        [ 0.,  0.,  0., ...,  0.,  0.,  0.]],

       [[ 0.,  0.,  0., ...,  0.,  0.,  0.],
        [ 0.,  0.,  0., ...,  0.,  0.,  0.],
        [ 0.,  0.,  0., ...,  0.,  0.,  0.],
        ..., 
        [ 0.,  0.,  0., ...,  0.,  0.,  0.],
        [ 0.,  0.,  0., ...,  0.,  0.,  0.],
        [ 0.,  0.,  0., ...,  0.,  0.,  0.]],

       [[ 0.,  0.,  0., ...,  0.,  0.,  0.],
        [ 0.,  0.,  0., ...,  0.,  0.,  0.],
        [ 0.,  0.,  0., ...,  0.,  0.,  0.],
        ..., 
        [ 0.,  0.,  0., ...,  0.,  0.,  0.],
        [ 0.,  0.,  0., ...,  0.,  0.,  0.],
        [ 0.,  0.,  0., ...,  0.,  0.,  0.]]]), 'L': 30}. Average performances: {'R^2': 0.8064966766056827, 'MSE': 2.2628278495389544, 'Rp': 0.89830176176935939}. 
All performances: {'R^2': [0.8072879985258272, 0.8099313657665536, 0.8082919696086392, 0.8038998558167069, 0.8030721933106871], 'MSE': [2.2924959078368512, 2.2256403950141639, 2.2442719161577638, 2.2693332581995342, 2.2823977704864582], 'Rp': [0.89865150652715364, 0.90015010361687042, 0.89914973826315581, 0.89705501118836584, 0.89650244925125144]}. 
Tried parameters {'C2': array([[[ 0.        ,  0.09847212,  0.09535299, ...,  0.09074251,
          0.08455318,  0.08806596],
        [ 0.09847212,  0.        ,  0.0815716 , ...,  0.09299961,
          0.09828125,  0.09142798],
        [ 0.09535299,  0.0815716 ,  0.        , ...,  0.078657  ,
          0.09393661,  0.07214391],
        ..., 
        [ 0.09074251,  0.09299961,  0.078657  , ...,  0.        ,
          0.08946333,  0.04868103],
        [ 0.08455318,  0.09828125,  0.09393661, ...,  0.08946333,
          0.        ,  0.08295483],
        [ 0.08806596,  0.09142798,  0.07214391, ...,  0.04868103,
          0.08295483,  0.        ]],

       [[ 0.        ,  0.06784141,  0.07094017, ...,  0.06694915,
          0.03984962,  0.06666667],
        [ 0.06784141,  0.        ,  0.04032258, ...,  0.04776119,
          0.06294643,  0.04226415],
        [ 0.07094017,  0.04032258,  0.        , ...,  0.03984375,
          0.06143498,  0.0372093 ],
        ..., 
        [ 0.06694915,  0.04776119,  0.03984375, ...,  0.        ,
          0.0579646 ,  0.01848739],
        [ 0.03984962,  0.06294643,  0.06143498, ...,  0.0579646 ,
          0.        ,  0.06033755],
        [ 0.06666667,  0.04226415,  0.0372093 , ...,  0.01848739,
          0.06033755,  0.        ]],

       [[ 0.        ,  0.1       ,  0.1       , ...,  0.1       ,
          0.1       ,  0.1       ],
        [ 0.1       ,  0.        ,  0.1       , ...,  0.1       ,
          0.1       ,  0.1       ],
        [ 0.1       ,  0.1       ,  0.        , ...,  0.1       ,
          0.1       ,  0.1       ],
        ..., 
        [ 0.1       ,  0.1       ,  0.1       , ...,  0.        ,
          0.1       ,  0.1       ],
        [ 0.1       ,  0.1       ,  0.1       , ...,  0.1       ,
          0.        ,  0.1       ],
        [ 0.1       ,  0.1       ,  0.1       , ...,  0.1       ,
          0.1       ,  0.        ]]]), 'K': 20, 'C1': array([[[ 0.,  0.,  0., ...,  0.,  0.,  0.],
        [ 0.,  0.,  0., ...,  0.,  0.,  0.],
        [ 0.,  0.,  0., ...,  0.,  0.,  0.],
        ..., 
        [ 0.,  0.,  0., ...,  0.,  0.,  0.],
        [ 0.,  0.,  0., ...,  0.,  0.,  0.],
        [ 0.,  0.,  0., ...,  0.,  0.,  0.]],

       [[ 0.,  0.,  0., ...,  0.,  0.,  0.],
        [ 0.,  0.,  0., ...,  0.,  0.,  0.],
        [ 0.,  0.,  0., ...,  0.,  0.,  0.],
        ..., 
        [ 0.,  0.,  0., ...,  0.,  0.,  0.],
        [ 0.,  0.,  0., ...,  0.,  0.,  0.],
        [ 0.,  0.,  0., ...,  0.,  0.,  0.]],

       [[ 0.,  0.,  0., ...,  0.,  0.,  0.],
        [ 0.,  0.,  0., ...,  0.,  0.,  0.],
        [ 0.,  0.,  0., ...,  0.,  0.,  0.],
        ..., 
        [ 0.,  0.,  0., ...,  0.,  0.,  0.],
        [ 0.,  0.,  0., ...,  0.,  0.,  0.],
        [ 0.,  0.,  0., ...,  0.,  0.,  0.]]]), 'L': 30}. Average performances: {'R^2': 0.8068378832539638, 'MSE': 2.2584154942103849, 'Rp': 0.89853327041717823}. 
All performances: {'R^2': [0.8090384130772426, 0.8089975372257636, 0.7992697456680753, 0.8071349165075598, 0.8097488037911782], 'MSE': [2.2570321755550107, 2.2620477072918428, 2.2759590786597439, 2.2776496708269844, 2.2193888387183445], 'Rp': [0.89949554420611866, 0.89994301440619284, 0.89447729315093705, 0.89849506006746582, 0.90025544025517723]}. 
Tried parameters {'C2': array([[[ 0.        ,  0.98472125,  0.95352989, ...,  0.90742513,
          0.84553178,  0.88065964],
        [ 0.98472125,  0.        ,  0.81571602, ...,  0.92999611,
          0.98281247,  0.91427976],
        [ 0.95352989,  0.81571602,  0.        , ...,  0.78657005,
          0.93936608,  0.72143913],
        ..., 
        [ 0.90742513,  0.92999611,  0.78657005, ...,  0.        ,
          0.89463332,  0.48681031],
        [ 0.84553178,  0.98281247,  0.93936608, ...,  0.89463332,
          0.        ,  0.82954833],
        [ 0.88065964,  0.91427976,  0.72143913, ...,  0.48681031,
          0.82954833,  0.        ]],

       [[ 0.        ,  0.6784141 ,  0.70940171, ...,  0.66949153,
          0.39849624,  0.66666667],
        [ 0.6784141 ,  0.        ,  0.40322581, ...,  0.47761194,
          0.62946429,  0.42264151],
        [ 0.70940171,  0.40322581,  0.        , ...,  0.3984375 ,
          0.61434978,  0.37209302],
        ..., 
        [ 0.66949153,  0.47761194,  0.3984375 , ...,  0.        ,
          0.57964602,  0.18487395],
        [ 0.39849624,  0.62946429,  0.61434978, ...,  0.57964602,
          0.        ,  0.60337553],
        [ 0.66666667,  0.42264151,  0.37209302, ...,  0.18487395,
          0.60337553,  0.        ]],

       [[ 0.        ,  1.        ,  1.        , ...,  1.        ,
          1.        ,  1.        ],
        [ 1.        ,  0.        ,  1.        , ...,  1.        ,
          1.        ,  1.        ],
        [ 1.        ,  1.        ,  0.        , ...,  1.        ,
          1.        ,  1.        ],
        ..., 
        [ 1.        ,  1.        ,  1.        , ...,  0.        ,
          1.        ,  1.        ],
        [ 1.        ,  1.        ,  1.        , ...,  1.        ,
          0.        ,  1.        ],
        [ 1.        ,  1.        ,  1.        , ...,  1.        ,
          1.        ,  0.        ]]]), 'K': 20, 'C1': array([[[ 0.,  0.,  0., ...,  0.,  0.,  0.],
        [ 0.,  0.,  0., ...,  0.,  0.,  0.],
        [ 0.,  0.,  0., ...,  0.,  0.,  0.],
        ..., 
        [ 0.,  0.,  0., ...,  0.,  0.,  0.],
        [ 0.,  0.,  0., ...,  0.,  0.,  0.],
        [ 0.,  0.,  0., ...,  0.,  0.,  0.]],

       [[ 0.,  0.,  0., ...,  0.,  0.,  0.],
        [ 0.,  0.,  0., ...,  0.,  0.,  0.],
        [ 0.,  0.,  0., ...,  0.,  0.,  0.],
        ..., 
        [ 0.,  0.,  0., ...,  0.,  0.,  0.],
        [ 0.,  0.,  0., ...,  0.,  0.,  0.],
        [ 0.,  0.,  0., ...,  0.,  0.,  0.]],

       [[ 0.,  0.,  0., ...,  0.,  0.,  0.],
        [ 0.,  0.,  0., ...,  0.,  0.,  0.],
        [ 0.,  0.,  0., ...,  0.,  0.,  0.],
        ..., 
        [ 0.,  0.,  0., ...,  0.,  0.,  0.],
        [ 0.,  0.,  0., ...,  0.,  0.,  0.],
        [ 0.,  0.,  0., ...,  0.,  0.,  0.]]]), 'L': 30}. Average performances: {'R^2': 0.8069829238961465, 'MSE': 2.2577247021867999, 'Rp': 0.89865922445867774}. 
All performances: {'R^2': [0.8051529305744396, 0.8104025825485934, 0.8074970868661601, 0.8093261115463177, 0.8025359079452212], 'MSE': [2.2841414884124305, 2.2061024661208579, 2.2182879006781051, 2.2142043740494199, 2.3658872816731842], 'Rp': [0.89749274357096276, 0.90053492437104077, 0.89873963189924388, 0.90023908667735453, 0.89628973577478721]}. 
Tried parameters {'C2': array([[[  0.        ,   9.84721246,   9.53529889, ...,   9.07425134,
           8.45531783,   8.80659643],
        [  9.84721246,   0.        ,   8.15716016, ...,   9.29996113,
           9.82812474,   9.14279763],
        [  9.53529889,   8.15716016,   0.        , ...,   7.86570046,
           9.3936608 ,   7.21439131],
        ..., 
        [  9.07425134,   9.29996113,   7.86570046, ...,   0.        ,
           8.94633319,   4.86810306],
        [  8.45531783,   9.82812474,   9.3936608 , ...,   8.94633319,
           0.        ,   8.29548327],
        [  8.80659643,   9.14279763,   7.21439131, ...,   4.86810306,
           8.29548327,   0.        ]],

       [[  0.        ,   6.78414097,   7.09401709, ...,   6.69491525,
           3.98496241,   6.66666667],
        [  6.78414097,   0.        ,   4.03225806, ...,   4.7761194 ,
           6.29464286,   4.22641509],
        [  7.09401709,   4.03225806,   0.        , ...,   3.984375  ,
           6.14349776,   3.72093023],
        ..., 
        [  6.69491525,   4.7761194 ,   3.984375  , ...,   0.        ,
           5.79646018,   1.8487395 ],
        [  3.98496241,   6.29464286,   6.14349776, ...,   5.79646018,
           0.        ,   6.03375527],
        [  6.66666667,   4.22641509,   3.72093023, ...,   1.8487395 ,
           6.03375527,   0.        ]],

       [[  0.        ,  10.        ,  10.        , ...,  10.        ,
          10.        ,  10.        ],
        [ 10.        ,   0.        ,  10.        , ...,  10.        ,
          10.        ,  10.        ],
        [ 10.        ,  10.        ,   0.        , ...,  10.        ,
          10.        ,  10.        ],
        ..., 
        [ 10.        ,  10.        ,  10.        , ...,   0.        ,
          10.        ,  10.        ],
        [ 10.        ,  10.        ,  10.        , ...,  10.        ,
           0.        ,  10.        ],
        [ 10.        ,  10.        ,  10.        , ...,  10.        ,
          10.        ,   0.        ]]]), 'K': 20, 'C1': array([[[ 0.,  0.,  0., ...,  0.,  0.,  0.],
        [ 0.,  0.,  0., ...,  0.,  0.,  0.],
        [ 0.,  0.,  0., ...,  0.,  0.,  0.],
        ..., 
        [ 0.,  0.,  0., ...,  0.,  0.,  0.],
        [ 0.,  0.,  0., ...,  0.,  0.,  0.],
        [ 0.,  0.,  0., ...,  0.,  0.,  0.]],

       [[ 0.,  0.,  0., ...,  0.,  0.,  0.],
        [ 0.,  0.,  0., ...,  0.,  0.,  0.],
        [ 0.,  0.,  0., ...,  0.,  0.,  0.],
        ..., 
        [ 0.,  0.,  0., ...,  0.,  0.,  0.],
        [ 0.,  0.,  0., ...,  0.,  0.,  0.],
        [ 0.,  0.,  0., ...,  0.,  0.,  0.]],

       [[ 0.,  0.,  0., ...,  0.,  0.,  0.],
        [ 0.,  0.,  0., ...,  0.,  0.,  0.],
        [ 0.,  0.,  0., ...,  0.,  0.,  0.],
        ..., 
        [ 0.,  0.,  0., ...,  0.,  0.,  0.],
        [ 0.,  0.,  0., ...,  0.,  0.,  0.],
        [ 0.,  0.,  0., ...,  0.,  0.,  0.]]]), 'L': 30}. Average performances: {'R^2': 0.8063037449352863, 'MSE': 2.2652052457426692, 'Rp': 0.89826441802841273}. 
All performances: {'R^2': [0.8041340064744351, 0.8031147466950403, 0.8098435802964419, 0.8026027426661475, 0.8118236485443668], 'MSE': [2.3180079844975259, 2.2751933255665873, 2.2484312855402129, 2.2860221157847742, 2.1983715173242451], 'Rp': [0.89699025482898076, 0.8964884595583501, 0.90036169740756244, 0.89618341335704377, 0.90129826499012633]}. 
Tried parameters {'C2': array([[[   0.        ,   98.47212457,   95.35298888, ...,   90.74251342,
           84.55317832,   88.06596426],
        [  98.47212457,    0.        ,   81.57160157, ...,   92.9996113 ,
           98.28124737,   91.42797634],
        [  95.35298888,   81.57160157,    0.        , ...,   78.65700463,
           93.93660797,   72.14391314],
        ..., 
        [  90.74251342,   92.9996113 ,   78.65700463, ...,    0.        ,
           89.46333193,   48.6810306 ],
        [  84.55317832,   98.28124737,   93.93660797, ...,   89.46333193,
            0.        ,   82.95483267],
        [  88.06596426,   91.42797634,   72.14391314, ...,   48.6810306 ,
           82.95483267,    0.        ]],

       [[   0.        ,   67.84140969,   70.94017094, ...,   66.94915254,
           39.84962406,   66.66666667],
        [  67.84140969,    0.        ,   40.32258065, ...,   47.76119403,
           62.94642857,   42.26415094],
        [  70.94017094,   40.32258065,    0.        , ...,   39.84375   ,
           61.43497758,   37.20930233],
        ..., 
        [  66.94915254,   47.76119403,   39.84375   , ...,    0.        ,
           57.96460177,   18.48739496],
        [  39.84962406,   62.94642857,   61.43497758, ...,   57.96460177,
            0.        ,   60.33755274],
        [  66.66666667,   42.26415094,   37.20930233, ...,   18.48739496,
           60.33755274,    0.        ]],

       [[   0.        ,  100.        ,  100.        , ...,  100.        ,
          100.        ,  100.        ],
        [ 100.        ,    0.        ,  100.        , ...,  100.        ,
          100.        ,  100.        ],
        [ 100.        ,  100.        ,    0.        , ...,  100.        ,
          100.        ,  100.        ],
        ..., 
        [ 100.        ,  100.        ,  100.        , ...,    0.        ,
          100.        ,  100.        ],
        [ 100.        ,  100.        ,  100.        , ...,  100.        ,
            0.        ,  100.        ],
        [ 100.        ,  100.        ,  100.        , ...,  100.        ,
          100.        ,    0.        ]]]), 'K': 20, 'C1': array([[[ 0.,  0.,  0., ...,  0.,  0.,  0.],
        [ 0.,  0.,  0., ...,  0.,  0.,  0.],
        [ 0.,  0.,  0., ...,  0.,  0.,  0.],
        ..., 
        [ 0.,  0.,  0., ...,  0.,  0.,  0.],
        [ 0.,  0.,  0., ...,  0.,  0.,  0.],
        [ 0.,  0.,  0., ...,  0.,  0.,  0.]],

       [[ 0.,  0.,  0., ...,  0.,  0.,  0.],
        [ 0.,  0.,  0., ...,  0.,  0.,  0.],
        [ 0.,  0.,  0., ...,  0.,  0.,  0.],
        ..., 
        [ 0.,  0.,  0., ...,  0.,  0.,  0.],
        [ 0.,  0.,  0., ...,  0.,  0.,  0.],
        [ 0.,  0.,  0., ...,  0.,  0.,  0.]],

       [[ 0.,  0.,  0., ...,  0.,  0.,  0.],
        [ 0.,  0.,  0., ...,  0.,  0.,  0.],
        [ 0.,  0.,  0., ...,  0.,  0.,  0.],
        ..., 
        [ 0.,  0.,  0., ...,  0.,  0.,  0.],
        [ 0.,  0.,  0., ...,  0.,  0.,  0.],
        [ 0.,  0.,  0., ...,  0.,  0.,  0.]]]), 'L': 30}. Average performances: {'R^2': 0.8053690768970145, 'MSE': 2.2761463771994004, 'Rp': 0.89773837310290872}. 
All performances: {'R^2': [0.7970310866383425, 0.8067417353344497, 0.810536531333155, 0.8106180176707642, 0.8019180135083608], 'MSE': [2.3795637838108901, 2.3103885168244709, 2.2263916015861622, 2.1656270379670475, 2.2987609458084308], 'Rp': [0.89295418015807482, 0.89855514730714836, 0.90072923927129001, 0.9007495695533092, 0.89570372922472119]}. 
Tried parameters {'C2': array([[[ 0.,  0.,  0., ...,  0.,  0.,  0.],
        [ 0.,  0.,  0., ...,  0.,  0.,  0.],
        [ 0.,  0.,  0., ...,  0.,  0.,  0.],
        ..., 
        [ 0.,  0.,  0., ...,  0.,  0.,  0.],
        [ 0.,  0.,  0., ...,  0.,  0.,  0.],
        [ 0.,  0.,  0., ...,  0.,  0.,  0.]],

       [[ 0.,  0.,  0., ...,  0.,  0.,  0.],
        [ 0.,  0.,  0., ...,  0.,  0.,  0.],
        [ 0.,  0.,  0., ...,  0.,  0.,  0.],
        ..., 
        [ 0.,  0.,  0., ...,  0.,  0.,  0.],
        [ 0.,  0.,  0., ...,  0.,  0.,  0.],
        [ 0.,  0.,  0., ...,  0.,  0.,  0.]],

       [[ 0.,  0.,  0., ...,  0.,  0.,  0.],
        [ 0.,  0.,  0., ...,  0.,  0.,  0.],
        [ 0.,  0.,  0., ...,  0.,  0.,  0.],
        ..., 
        [ 0.,  0.,  0., ...,  0.,  0.,  0.],
        [ 0.,  0.,  0., ...,  0.,  0.,  0.],
        [ 0.,  0.,  0., ...,  0.,  0.,  0.]]]), 'K': 20, 'C1': array([[[ 0.        ,  0.00949288,  0.00954187, ...,  0.0098718 ,
          0.00991844,  0.00997884],
        [ 0.00949288,  0.        ,  0.00968561, ...,  0.00948996,
          0.00968593,  0.00993614],
        [ 0.00954187,  0.00968561,  0.        , ...,  0.00980051,
          0.00964883,  0.00991597],
        ..., 
        [ 0.0098718 ,  0.00948996,  0.00980051, ...,  0.        ,
          0.00989765,  0.00969312],
        [ 0.00991844,  0.00968593,  0.00964883, ...,  0.00989765,
          0.        ,  0.00997016],
        [ 0.00997884,  0.00993614,  0.00991597, ...,  0.00969312,
          0.00997016,  0.        ]],

       [[ 0.        ,  0.00951787,  0.00947173, ...,  0.00979481,
          0.00947704,  0.00955037],
        [ 0.00951787,  0.        ,  0.0084122 , ...,  0.00965026,
          0.00907318,  0.00954464],
        [ 0.00947173,  0.0084122 ,  0.        , ...,  0.00968933,
          0.00889581,  0.00944693],
        ..., 
        [ 0.00979481,  0.00965026,  0.00968933, ...,  0.        ,
          0.00975072,  0.00987899],
        [ 0.00947704,  0.00907318,  0.00889581, ...,  0.00975072,
          0.        ,  0.00879716],
        [ 0.00955037,  0.00954464,  0.00944693, ...,  0.00987899,
          0.00879716,  0.        ]],

       [[ 0.        ,  0.01      ,  0.01      , ...,  0.008     ,
          0.01      ,  0.01      ],
        [ 0.01      ,  0.        ,  0.0075    , ...,  0.01      ,
          0.0075    ,  0.006     ],
        [ 0.01      ,  0.0075    ,  0.        , ...,  0.01      ,
          0.00666667,  0.008     ],
        ..., 
        [ 0.008     ,  0.01      ,  0.01      , ...,  0.        ,
          0.01      ,  0.01      ],
        [ 0.01      ,  0.0075    ,  0.00666667, ...,  0.01      ,
          0.        ,  0.005     ],
        [ 0.01      ,  0.006     ,  0.008     , ...,  0.01      ,
          0.005     ,  0.        ]]]), 'L': 30}. Average performances: {'R^2': 0.8015298145301678, 'MSE': 2.3212346874248673, 'Rp': 0.89565582291115753}. 
All performances: {'R^2': [0.8017283816116022, 0.8054104239020108, 0.8036664109780891, 0.795651084958974, 0.8011927712001627], 'MSE': [2.2709714860001093, 2.2994533145820957, 2.2803990814299717, 2.4172857520018263, 2.3380638031103347], 'Rp': [0.89610103162148713, 0.89770680290431604, 0.89665825704070412, 0.8923562444417158, 0.89545677854756456]}. 
Tried parameters {'C2': array([[[ 0.        ,  0.00984721,  0.0095353 , ...,  0.00907425,
          0.00845532,  0.0088066 ],
        [ 0.00984721,  0.        ,  0.00815716, ...,  0.00929996,
          0.00982812,  0.0091428 ],
        [ 0.0095353 ,  0.00815716,  0.        , ...,  0.0078657 ,
          0.00939366,  0.00721439],
        ..., 
        [ 0.00907425,  0.00929996,  0.0078657 , ...,  0.        ,
          0.00894633,  0.0048681 ],
        [ 0.00845532,  0.00982812,  0.00939366, ...,  0.00894633,
          0.        ,  0.00829548],
        [ 0.0088066 ,  0.0091428 ,  0.00721439, ...,  0.0048681 ,
          0.00829548,  0.        ]],

       [[ 0.        ,  0.00678414,  0.00709402, ...,  0.00669492,
          0.00398496,  0.00666667],
        [ 0.00678414,  0.        ,  0.00403226, ...,  0.00477612,
          0.00629464,  0.00422642],
        [ 0.00709402,  0.00403226,  0.        , ...,  0.00398438,
          0.0061435 ,  0.00372093],
        ..., 
        [ 0.00669492,  0.00477612,  0.00398438, ...,  0.        ,
          0.00579646,  0.00184874],
        [ 0.00398496,  0.00629464,  0.0061435 , ...,  0.00579646,
          0.        ,  0.00603376],
        [ 0.00666667,  0.00422642,  0.00372093, ...,  0.00184874,
          0.00603376,  0.        ]],

       [[ 0.        ,  0.01      ,  0.01      , ...,  0.01      ,
          0.01      ,  0.01      ],
        [ 0.01      ,  0.        ,  0.01      , ...,  0.01      ,
          0.01      ,  0.01      ],
        [ 0.01      ,  0.01      ,  0.        , ...,  0.01      ,
          0.01      ,  0.01      ],
        ..., 
        [ 0.01      ,  0.01      ,  0.01      , ...,  0.        ,
          0.01      ,  0.01      ],
        [ 0.01      ,  0.01      ,  0.01      , ...,  0.01      ,
          0.        ,  0.01      ],
        [ 0.01      ,  0.01      ,  0.01      , ...,  0.01      ,
          0.01      ,  0.        ]]]), 'K': 20, 'C1': array([[[ 0.        ,  0.00949288,  0.00954187, ...,  0.0098718 ,
          0.00991844,  0.00997884],
        [ 0.00949288,  0.        ,  0.00968561, ...,  0.00948996,
          0.00968593,  0.00993614],
        [ 0.00954187,  0.00968561,  0.        , ...,  0.00980051,
          0.00964883,  0.00991597],
        ..., 
        [ 0.0098718 ,  0.00948996,  0.00980051, ...,  0.        ,
          0.00989765,  0.00969312],
        [ 0.00991844,  0.00968593,  0.00964883, ...,  0.00989765,
          0.        ,  0.00997016],
        [ 0.00997884,  0.00993614,  0.00991597, ...,  0.00969312,
          0.00997016,  0.        ]],

       [[ 0.        ,  0.00951787,  0.00947173, ...,  0.00979481,
          0.00947704,  0.00955037],
        [ 0.00951787,  0.        ,  0.0084122 , ...,  0.00965026,
          0.00907318,  0.00954464],
        [ 0.00947173,  0.0084122 ,  0.        , ...,  0.00968933,
          0.00889581,  0.00944693],
        ..., 
        [ 0.00979481,  0.00965026,  0.00968933, ...,  0.        ,
          0.00975072,  0.00987899],
        [ 0.00947704,  0.00907318,  0.00889581, ...,  0.00975072,
          0.        ,  0.00879716],
        [ 0.00955037,  0.00954464,  0.00944693, ...,  0.00987899,
          0.00879716,  0.        ]],

       [[ 0.        ,  0.01      ,  0.01      , ...,  0.008     ,
          0.01      ,  0.01      ],
        [ 0.01      ,  0.        ,  0.0075    , ...,  0.01      ,
          0.0075    ,  0.006     ],
        [ 0.01      ,  0.0075    ,  0.        , ...,  0.01      ,
          0.00666667,  0.008     ],
        ..., 
        [ 0.008     ,  0.01      ,  0.01      , ...,  0.        ,
          0.01      ,  0.01      ],
        [ 0.01      ,  0.0075    ,  0.00666667, ...,  0.01      ,
          0.        ,  0.005     ],
        [ 0.01      ,  0.006     ,  0.008     , ...,  0.01      ,
          0.005     ,  0.        ]]]), 'L': 30}. Average performances: {'R^2': 0.8044190458527138, 'MSE': 2.287156354993324, 'Rp': 0.89721960184867267}. 
All performances: {'R^2': [0.8034769338860703, 0.8080294523140487, 0.79470766526287, 0.8096939509816988, 0.8061872268188817], 'MSE': [2.2925789918201325, 2.2303723188713658, 2.3818368526966647, 2.2373462682502581, 2.2936473433281996], 'Rp': [0.8966282772599129, 0.89936728563926449, 0.8920187936436349, 0.90000250174331187, 0.89808115095723873]}. 
Tried parameters {'C2': array([[[ 0.        ,  0.09847212,  0.09535299, ...,  0.09074251,
          0.08455318,  0.08806596],
        [ 0.09847212,  0.        ,  0.0815716 , ...,  0.09299961,
          0.09828125,  0.09142798],
        [ 0.09535299,  0.0815716 ,  0.        , ...,  0.078657  ,
          0.09393661,  0.07214391],
        ..., 
        [ 0.09074251,  0.09299961,  0.078657  , ...,  0.        ,
          0.08946333,  0.04868103],
        [ 0.08455318,  0.09828125,  0.09393661, ...,  0.08946333,
          0.        ,  0.08295483],
        [ 0.08806596,  0.09142798,  0.07214391, ...,  0.04868103,
          0.08295483,  0.        ]],

       [[ 0.        ,  0.06784141,  0.07094017, ...,  0.06694915,
          0.03984962,  0.06666667],
        [ 0.06784141,  0.        ,  0.04032258, ...,  0.04776119,
          0.06294643,  0.04226415],
        [ 0.07094017,  0.04032258,  0.        , ...,  0.03984375,
          0.06143498,  0.0372093 ],
        ..., 
        [ 0.06694915,  0.04776119,  0.03984375, ...,  0.        ,
          0.0579646 ,  0.01848739],
        [ 0.03984962,  0.06294643,  0.06143498, ...,  0.0579646 ,
          0.        ,  0.06033755],
        [ 0.06666667,  0.04226415,  0.0372093 , ...,  0.01848739,
          0.06033755,  0.        ]],

       [[ 0.        ,  0.1       ,  0.1       , ...,  0.1       ,
          0.1       ,  0.1       ],
        [ 0.1       ,  0.        ,  0.1       , ...,  0.1       ,
          0.1       ,  0.1       ],
        [ 0.1       ,  0.1       ,  0.        , ...,  0.1       ,
          0.1       ,  0.1       ],
        ..., 
        [ 0.1       ,  0.1       ,  0.1       , ...,  0.        ,
          0.1       ,  0.1       ],
        [ 0.1       ,  0.1       ,  0.1       , ...,  0.1       ,
          0.        ,  0.1       ],
        [ 0.1       ,  0.1       ,  0.1       , ...,  0.1       ,
          0.1       ,  0.        ]]]), 'K': 20, 'C1': array([[[ 0.        ,  0.00949288,  0.00954187, ...,  0.0098718 ,
          0.00991844,  0.00997884],
        [ 0.00949288,  0.        ,  0.00968561, ...,  0.00948996,
          0.00968593,  0.00993614],
        [ 0.00954187,  0.00968561,  0.        , ...,  0.00980051,
          0.00964883,  0.00991597],
        ..., 
        [ 0.0098718 ,  0.00948996,  0.00980051, ...,  0.        ,
          0.00989765,  0.00969312],
        [ 0.00991844,  0.00968593,  0.00964883, ...,  0.00989765,
          0.        ,  0.00997016],
        [ 0.00997884,  0.00993614,  0.00991597, ...,  0.00969312,
          0.00997016,  0.        ]],

       [[ 0.        ,  0.00951787,  0.00947173, ...,  0.00979481,
          0.00947704,  0.00955037],
        [ 0.00951787,  0.        ,  0.0084122 , ...,  0.00965026,
          0.00907318,  0.00954464],
        [ 0.00947173,  0.0084122 ,  0.        , ...,  0.00968933,
          0.00889581,  0.00944693],
        ..., 
        [ 0.00979481,  0.00965026,  0.00968933, ...,  0.        ,
          0.00975072,  0.00987899],
        [ 0.00947704,  0.00907318,  0.00889581, ...,  0.00975072,
          0.        ,  0.00879716],
        [ 0.00955037,  0.00954464,  0.00944693, ...,  0.00987899,
          0.00879716,  0.        ]],

       [[ 0.        ,  0.01      ,  0.01      , ...,  0.008     ,
          0.01      ,  0.01      ],
        [ 0.01      ,  0.        ,  0.0075    , ...,  0.01      ,
          0.0075    ,  0.006     ],
        [ 0.01      ,  0.0075    ,  0.        , ...,  0.01      ,
          0.00666667,  0.008     ],
        ..., 
        [ 0.008     ,  0.01      ,  0.01      , ...,  0.        ,
          0.01      ,  0.01      ],
        [ 0.01      ,  0.0075    ,  0.00666667, ...,  0.01      ,
          0.        ,  0.005     ],
        [ 0.01      ,  0.006     ,  0.008     , ...,  0.01      ,
          0.005     ,  0.        ]]]), 'L': 30}. Average performances: {'R^2': 0.803257082477441, 'MSE': 2.3013106159309826, 'Rp': 0.89663274393114434}. 
All performances: {'R^2': [0.7996224338857696, 0.8091004069317013, 0.8029626190028365, 0.7983046028646639, 0.806295349702234], 'MSE': [2.3544826297513159, 2.2050824765480739, 2.3070331842394283, 2.3802405748473183, 2.2597142142687767], 'Rp': [0.89472363026515134, 0.89984860559879021, 0.89616672624942295, 0.89378571471469781, 0.89863904282765961]}. 
Tried parameters {'C2': array([[[ 0.        ,  0.98472125,  0.95352989, ...,  0.90742513,
          0.84553178,  0.88065964],
        [ 0.98472125,  0.        ,  0.81571602, ...,  0.92999611,
          0.98281247,  0.91427976],
        [ 0.95352989,  0.81571602,  0.        , ...,  0.78657005,
          0.93936608,  0.72143913],
        ..., 
        [ 0.90742513,  0.92999611,  0.78657005, ...,  0.        ,
          0.89463332,  0.48681031],
        [ 0.84553178,  0.98281247,  0.93936608, ...,  0.89463332,
          0.        ,  0.82954833],
        [ 0.88065964,  0.91427976,  0.72143913, ...,  0.48681031,
          0.82954833,  0.        ]],

       [[ 0.        ,  0.6784141 ,  0.70940171, ...,  0.66949153,
          0.39849624,  0.66666667],
        [ 0.6784141 ,  0.        ,  0.40322581, ...,  0.47761194,
          0.62946429,  0.42264151],
        [ 0.70940171,  0.40322581,  0.        , ...,  0.3984375 ,
          0.61434978,  0.37209302],
        ..., 
        [ 0.66949153,  0.47761194,  0.3984375 , ...,  0.        ,
          0.57964602,  0.18487395],
        [ 0.39849624,  0.62946429,  0.61434978, ...,  0.57964602,
          0.        ,  0.60337553],
        [ 0.66666667,  0.42264151,  0.37209302, ...,  0.18487395,
          0.60337553,  0.        ]],

       [[ 0.        ,  1.        ,  1.        , ...,  1.        ,
          1.        ,  1.        ],
        [ 1.        ,  0.        ,  1.        , ...,  1.        ,
          1.        ,  1.        ],
        [ 1.        ,  1.        ,  0.        , ...,  1.        ,
          1.        ,  1.        ],
        ..., 
        [ 1.        ,  1.        ,  1.        , ...,  0.        ,
          1.        ,  1.        ],
        [ 1.        ,  1.        ,  1.        , ...,  1.        ,
          0.        ,  1.        ],
        [ 1.        ,  1.        ,  1.        , ...,  1.        ,
          1.        ,  0.        ]]]), 'K': 20, 'C1': array([[[ 0.        ,  0.00949288,  0.00954187, ...,  0.0098718 ,
          0.00991844,  0.00997884],
        [ 0.00949288,  0.        ,  0.00968561, ...,  0.00948996,
          0.00968593,  0.00993614],
        [ 0.00954187,  0.00968561,  0.        , ...,  0.00980051,
          0.00964883,  0.00991597],
        ..., 
        [ 0.0098718 ,  0.00948996,  0.00980051, ...,  0.        ,
          0.00989765,  0.00969312],
        [ 0.00991844,  0.00968593,  0.00964883, ...,  0.00989765,
          0.        ,  0.00997016],
        [ 0.00997884,  0.00993614,  0.00991597, ...,  0.00969312,
          0.00997016,  0.        ]],

       [[ 0.        ,  0.00951787,  0.00947173, ...,  0.00979481,
          0.00947704,  0.00955037],
        [ 0.00951787,  0.        ,  0.0084122 , ...,  0.00965026,
          0.00907318,  0.00954464],
        [ 0.00947173,  0.0084122 ,  0.        , ...,  0.00968933,
          0.00889581,  0.00944693],
        ..., 
        [ 0.00979481,  0.00965026,  0.00968933, ...,  0.        ,
          0.00975072,  0.00987899],
        [ 0.00947704,  0.00907318,  0.00889581, ...,  0.00975072,
          0.        ,  0.00879716],
        [ 0.00955037,  0.00954464,  0.00944693, ...,  0.00987899,
          0.00879716,  0.        ]],

       [[ 0.        ,  0.01      ,  0.01      , ...,  0.008     ,
          0.01      ,  0.01      ],
        [ 0.01      ,  0.        ,  0.0075    , ...,  0.01      ,
          0.0075    ,  0.006     ],
        [ 0.01      ,  0.0075    ,  0.        , ...,  0.01      ,
          0.00666667,  0.008     ],
        ..., 
        [ 0.008     ,  0.01      ,  0.01      , ...,  0.        ,
          0.01      ,  0.01      ],
        [ 0.01      ,  0.0075    ,  0.00666667, ...,  0.01      ,
          0.        ,  0.005     ],
        [ 0.01      ,  0.006     ,  0.008     , ...,  0.01      ,
          0.005     ,  0.        ]]]), 'L': 30}. Average performances: {'R^2': 0.806009113718263, 'MSE': 2.2684404230795856, 'Rp': 0.89809081936742119}. 
All performances: {'R^2': [0.8168862589309609, 0.8044064198080246, 0.8014748685701102, 0.8007228223615612, 0.8065551989206577], 'MSE': [2.1678697764849097, 2.276625532986301, 2.3641589815760642, 2.2980105870965923, 2.2355372372540603], 'Rp': [0.90392126959285568, 0.89716954638397617, 0.89537604515713853, 0.89504731645266378, 0.89893991925047179]}. 
Tried parameters {'C2': array([[[  0.        ,   9.84721246,   9.53529889, ...,   9.07425134,
           8.45531783,   8.80659643],
        [  9.84721246,   0.        ,   8.15716016, ...,   9.29996113,
           9.82812474,   9.14279763],
        [  9.53529889,   8.15716016,   0.        , ...,   7.86570046,
           9.3936608 ,   7.21439131],
        ..., 
        [  9.07425134,   9.29996113,   7.86570046, ...,   0.        ,
           8.94633319,   4.86810306],
        [  8.45531783,   9.82812474,   9.3936608 , ...,   8.94633319,
           0.        ,   8.29548327],
        [  8.80659643,   9.14279763,   7.21439131, ...,   4.86810306,
           8.29548327,   0.        ]],

       [[  0.        ,   6.78414097,   7.09401709, ...,   6.69491525,
           3.98496241,   6.66666667],
        [  6.78414097,   0.        ,   4.03225806, ...,   4.7761194 ,
           6.29464286,   4.22641509],
        [  7.09401709,   4.03225806,   0.        , ...,   3.984375  ,
           6.14349776,   3.72093023],
        ..., 
        [  6.69491525,   4.7761194 ,   3.984375  , ...,   0.        ,
           5.79646018,   1.8487395 ],
        [  3.98496241,   6.29464286,   6.14349776, ...,   5.79646018,
           0.        ,   6.03375527],
        [  6.66666667,   4.22641509,   3.72093023, ...,   1.8487395 ,
           6.03375527,   0.        ]],

       [[  0.        ,  10.        ,  10.        , ...,  10.        ,
          10.        ,  10.        ],
        [ 10.        ,   0.        ,  10.        , ...,  10.        ,
          10.        ,  10.        ],
        [ 10.        ,  10.        ,   0.        , ...,  10.        ,
          10.        ,  10.        ],
        ..., 
        [ 10.        ,  10.        ,  10.        , ...,   0.        ,
          10.        ,  10.        ],
        [ 10.        ,  10.        ,  10.        , ...,  10.        ,
           0.        ,  10.        ],
        [ 10.        ,  10.        ,  10.        , ...,  10.        ,
          10.        ,   0.        ]]]), 'K': 20, 'C1': array([[[ 0.        ,  0.00949288,  0.00954187, ...,  0.0098718 ,
          0.00991844,  0.00997884],
        [ 0.00949288,  0.        ,  0.00968561, ...,  0.00948996,
          0.00968593,  0.00993614],
        [ 0.00954187,  0.00968561,  0.        , ...,  0.00980051,
          0.00964883,  0.00991597],
        ..., 
        [ 0.0098718 ,  0.00948996,  0.00980051, ...,  0.        ,
          0.00989765,  0.00969312],
        [ 0.00991844,  0.00968593,  0.00964883, ...,  0.00989765,
          0.        ,  0.00997016],
        [ 0.00997884,  0.00993614,  0.00991597, ...,  0.00969312,
          0.00997016,  0.        ]],

       [[ 0.        ,  0.00951787,  0.00947173, ...,  0.00979481,
          0.00947704,  0.00955037],
        [ 0.00951787,  0.        ,  0.0084122 , ...,  0.00965026,
          0.00907318,  0.00954464],
        [ 0.00947173,  0.0084122 ,  0.        , ...,  0.00968933,
          0.00889581,  0.00944693],
        ..., 
        [ 0.00979481,  0.00965026,  0.00968933, ...,  0.        ,
          0.00975072,  0.00987899],
        [ 0.00947704,  0.00907318,  0.00889581, ...,  0.00975072,
          0.        ,  0.00879716],
        [ 0.00955037,  0.00954464,  0.00944693, ...,  0.00987899,
          0.00879716,  0.        ]],

       [[ 0.        ,  0.01      ,  0.01      , ...,  0.008     ,
          0.01      ,  0.01      ],
        [ 0.01      ,  0.        ,  0.0075    , ...,  0.01      ,
          0.0075    ,  0.006     ],
        [ 0.01      ,  0.0075    ,  0.        , ...,  0.01      ,
          0.00666667,  0.008     ],
        ..., 
        [ 0.008     ,  0.01      ,  0.01      , ...,  0.        ,
          0.01      ,  0.01      ],
        [ 0.01      ,  0.0075    ,  0.00666667, ...,  0.01      ,
          0.        ,  0.005     ],
        [ 0.01      ,  0.006     ,  0.008     , ...,  0.01      ,
          0.005     ,  0.        ]]]), 'L': 30}. Average performances: {'R^2': 0.806521972448231, 'MSE': 2.2627317682086248, 'Rp': 0.89830350247842239}. 
All performances: {'R^2': [0.8052011906730496, 0.8020914204789725, 0.7996668394961652, 0.810266279362893, 0.8153841322300744], 'MSE': [2.3043206208022085, 2.3360539278089116, 2.3155921326885367, 2.2126432685237081, 2.1450488912197589], 'Rp': [0.89778621645089673, 0.89578929116952655, 0.89440636499461557, 0.90036924862599221, 0.90316639115108066]}. 
Tried parameters {'C2': array([[[   0.        ,   98.47212457,   95.35298888, ...,   90.74251342,
           84.55317832,   88.06596426],
        [  98.47212457,    0.        ,   81.57160157, ...,   92.9996113 ,
           98.28124737,   91.42797634],
        [  95.35298888,   81.57160157,    0.        , ...,   78.65700463,
           93.93660797,   72.14391314],
        ..., 
        [  90.74251342,   92.9996113 ,   78.65700463, ...,    0.        ,
           89.46333193,   48.6810306 ],
        [  84.55317832,   98.28124737,   93.93660797, ...,   89.46333193,
            0.        ,   82.95483267],
        [  88.06596426,   91.42797634,   72.14391314, ...,   48.6810306 ,
           82.95483267,    0.        ]],

