Tried parameters {'C2': array([[[ 0.,  0.,  0., ...,  0.,  0.,  0.],
        [ 0.,  0.,  0., ...,  0.,  0.,  0.],
        [ 0.,  0.,  0., ...,  0.,  0.,  0.],
        ..., 
        [ 0.,  0.,  0., ...,  0.,  0.,  0.],
        [ 0.,  0.,  0., ...,  0.,  0.,  0.],
        [ 0.,  0.,  0., ...,  0.,  0.,  0.]],

       [[ 0.,  0.,  0., ...,  0.,  0.,  0.],
        [ 0.,  0.,  0., ...,  0.,  0.,  0.],
        [ 0.,  0.,  0., ...,  0.,  0.,  0.],
        ..., 
        [ 0.,  0.,  0., ...,  0.,  0.,  0.],
        [ 0.,  0.,  0., ...,  0.,  0.,  0.],
        [ 0.,  0.,  0., ...,  0.,  0.,  0.]],

       [[ 0.,  0.,  0., ...,  0.,  0.,  0.],
        [ 0.,  0.,  0., ...,  0.,  0.,  0.],
        [ 0.,  0.,  0., ...,  0.,  0.,  0.],
        ..., 
        [ 0.,  0.,  0., ...,  0.,  0.,  0.],
        [ 0.,  0.,  0., ...,  0.,  0.,  0.],
        [ 0.,  0.,  0., ...,  0.,  0.,  0.]]]), 'C1': array([[[ 0.        ,  0.00949288,  0.00954187, ...,  0.0098718 ,
          0.00991844,  0.00997884],
        [ 0.00949288,  0.        ,  0.00968561, ...,  0.00948996,
          0.00968593,  0.00993614],
        [ 0.00954187,  0.00968561,  0.        , ...,  0.00980051,
          0.00964883,  0.00991597],
        ..., 
        [ 0.0098718 ,  0.00948996,  0.00980051, ...,  0.        ,
          0.00989765,  0.00969312],
        [ 0.00991844,  0.00968593,  0.00964883, ...,  0.00989765,
          0.        ,  0.00997016],
        [ 0.00997884,  0.00993614,  0.00991597, ...,  0.00969312,
          0.00997016,  0.        ]],

       [[ 0.        ,  0.00951787,  0.00947173, ...,  0.00979481,
          0.00947704,  0.00955037],
        [ 0.00951787,  0.        ,  0.0084122 , ...,  0.00965026,
          0.00907318,  0.00954464],
        [ 0.00947173,  0.0084122 ,  0.        , ...,  0.00968933,
          0.00889581,  0.00944693],
        ..., 
        [ 0.00979481,  0.00965026,  0.00968933, ...,  0.        ,
          0.00975072,  0.00987899],
        [ 0.00947704,  0.00907318,  0.00889581, ...,  0.00975072,
          0.        ,  0.00879716],
        [ 0.00955037,  0.00954464,  0.00944693, ...,  0.00987899,
          0.00879716,  0.        ]],

       [[ 0.        ,  0.01      ,  0.01      , ...,  0.008     ,
          0.01      ,  0.01      ],
        [ 0.01      ,  0.        ,  0.0075    , ...,  0.01      ,
          0.0075    ,  0.006     ],
        [ 0.01      ,  0.0075    ,  0.        , ...,  0.01      ,
          0.00666667,  0.008     ],
        ..., 
        [ 0.008     ,  0.01      ,  0.01      , ...,  0.        ,
          0.01      ,  0.01      ],
        [ 0.01      ,  0.0075    ,  0.00666667, ...,  0.01      ,
          0.        ,  0.005     ],
        [ 0.01      ,  0.006     ,  0.008     , ...,  0.01      ,
          0.005     ,  0.        ]]]), 'K': 20, 'L': 30}. Average performances: {'R^2': 0.7952096492360269, 'MSE': 2.3885857935131156, 'Rp': 0.8920361180402161}. 
All performances: {'R^2': [0.7944715841522394, 0.7934902463459405, 0.7979278681368697, 0.7991341265517528, 0.7910244209933321], 'MSE': [2.3601095963038521, 2.4155381532199178, 2.4110136262632138, 2.3250652569974659, 2.4312023347811271], 'Rp': [0.89170046862431651, 0.8911641639984631, 0.89348003388327679, 0.89420013692080003, 0.88963578677422417]}. 
Tried parameters {'C2': array([[[ 0.,  0.,  0., ...,  0.,  0.,  0.],
        [ 0.,  0.,  0., ...,  0.,  0.,  0.],
        [ 0.,  0.,  0., ...,  0.,  0.,  0.],
        ..., 
        [ 0.,  0.,  0., ...,  0.,  0.,  0.],
        [ 0.,  0.,  0., ...,  0.,  0.,  0.],
        [ 0.,  0.,  0., ...,  0.,  0.,  0.]],

       [[ 0.,  0.,  0., ...,  0.,  0.,  0.],
        [ 0.,  0.,  0., ...,  0.,  0.,  0.],
        [ 0.,  0.,  0., ...,  0.,  0.,  0.],
        ..., 
        [ 0.,  0.,  0., ...,  0.,  0.,  0.],
        [ 0.,  0.,  0., ...,  0.,  0.,  0.],
        [ 0.,  0.,  0., ...,  0.,  0.,  0.]],

       [[ 0.,  0.,  0., ...,  0.,  0.,  0.],
        [ 0.,  0.,  0., ...,  0.,  0.,  0.],
        [ 0.,  0.,  0., ...,  0.,  0.,  0.],
        ..., 
        [ 0.,  0.,  0., ...,  0.,  0.,  0.],
        [ 0.,  0.,  0., ...,  0.,  0.,  0.],
        [ 0.,  0.,  0., ...,  0.,  0.,  0.]]]), 'C1': array([[[ 0.        ,  0.09492882,  0.09541867, ...,  0.098718  ,
          0.09918442,  0.09978838],
        [ 0.09492882,  0.        ,  0.09685607, ...,  0.09489964,
          0.09685932,  0.09936145],
        [ 0.09541867,  0.09685607,  0.        , ...,  0.09800514,
          0.09648832,  0.09915969],
        ..., 
        [ 0.098718  ,  0.09489964,  0.09800514, ...,  0.        ,
          0.0989765 ,  0.0969312 ],
        [ 0.09918442,  0.09685932,  0.09648832, ...,  0.0989765 ,
          0.        ,  0.09970155],
        [ 0.09978838,  0.09936145,  0.09915969, ...,  0.0969312 ,
          0.09970155,  0.        ]],

       [[ 0.        ,  0.09517872,  0.09471732, ...,  0.09794807,
          0.09477035,  0.09550369],
        [ 0.09517872,  0.        ,  0.08412204, ...,  0.09650258,
          0.09073178,  0.0954464 ],
        [ 0.09471732,  0.08412204,  0.        , ...,  0.09689331,
          0.08895812,  0.09446932],
        ..., 
        [ 0.09794807,  0.09650258,  0.09689331, ...,  0.        ,
          0.09750718,  0.0987899 ],
        [ 0.09477035,  0.09073178,  0.08895812, ...,  0.09750718,
          0.        ,  0.08797163],
        [ 0.09550369,  0.0954464 ,  0.09446932, ...,  0.0987899 ,
          0.08797163,  0.        ]],

       [[ 0.        ,  0.1       ,  0.1       , ...,  0.08      ,
          0.1       ,  0.1       ],
        [ 0.1       ,  0.        ,  0.075     , ...,  0.1       ,
          0.075     ,  0.06      ],
        [ 0.1       ,  0.075     ,  0.        , ...,  0.1       ,
          0.06666667,  0.08      ],
        ..., 
        [ 0.08      ,  0.1       ,  0.1       , ...,  0.        ,
          0.1       ,  0.1       ],
        [ 0.1       ,  0.075     ,  0.06666667, ...,  0.1       ,
          0.        ,  0.05      ],
        [ 0.1       ,  0.06      ,  0.08      , ...,  0.1       ,
          0.05      ,  0.        ]]]), 'K': 20, 'L': 30}. Average performances: {'R^2': 0.7924970550673687, 'MSE': 2.4195462106678924, 'Rp': 0.89064468061911928}. 
All performances: {'R^2': [0.7965742924547906, 0.7772631107729415, 0.7952016905319091, 0.7890242606707831, 0.8044219209064188], 'MSE': [2.3708484376265431, 2.5413291289327753, 2.3867718548521948, 2.4982768901409482, 2.3005047417870017], 'Rp': [0.89301255311327599, 0.88218605989069565, 0.89207232168852701, 0.88857594658483141, 0.89737652181826666]}. 
Tried parameters {'C2': array([[[ 0.,  0.,  0., ...,  0.,  0.,  0.],
        [ 0.,  0.,  0., ...,  0.,  0.,  0.],
        [ 0.,  0.,  0., ...,  0.,  0.,  0.],
        ..., 
        [ 0.,  0.,  0., ...,  0.,  0.,  0.],
        [ 0.,  0.,  0., ...,  0.,  0.,  0.],
        [ 0.,  0.,  0., ...,  0.,  0.,  0.]],

       [[ 0.,  0.,  0., ...,  0.,  0.,  0.],
        [ 0.,  0.,  0., ...,  0.,  0.,  0.],
        [ 0.,  0.,  0., ...,  0.,  0.,  0.],
        ..., 
        [ 0.,  0.,  0., ...,  0.,  0.,  0.],
        [ 0.,  0.,  0., ...,  0.,  0.,  0.],
        [ 0.,  0.,  0., ...,  0.,  0.,  0.]],

       [[ 0.,  0.,  0., ...,  0.,  0.,  0.],
        [ 0.,  0.,  0., ...,  0.,  0.,  0.],
        [ 0.,  0.,  0., ...,  0.,  0.,  0.],
        ..., 
        [ 0.,  0.,  0., ...,  0.,  0.,  0.],
        [ 0.,  0.,  0., ...,  0.,  0.,  0.],
        [ 0.,  0.,  0., ...,  0.,  0.,  0.]]]), 'C1': array([[[ 0.        ,  0.94928815,  0.95418667, ...,  0.98718004,
          0.99184421,  0.99788383],
        [ 0.94928815,  0.        ,  0.96856074, ...,  0.94899638,
          0.96859321,  0.99361447],
        [ 0.95418667,  0.96856074,  0.        , ...,  0.98005139,
          0.96488317,  0.99159689],
        ..., 
        [ 0.98718004,  0.94899638,  0.98005139, ...,  0.        ,
          0.98976495,  0.96931196],
        [ 0.99184421,  0.96859321,  0.96488317, ...,  0.98976495,
          0.        ,  0.9970155 ],
        [ 0.99788383,  0.99361447,  0.99159689, ...,  0.96931196,
          0.9970155 ,  0.        ]],

       [[ 0.        ,  0.95178718,  0.94717324, ...,  0.97948067,
          0.9477035 ,  0.95503694],
        [ 0.95178718,  0.        ,  0.84122036, ...,  0.96502576,
          0.90731776,  0.95446401],
        [ 0.94717324,  0.84122036,  0.        , ...,  0.96893307,
          0.88958118,  0.94469318],
        ..., 
        [ 0.97948067,  0.96502576,  0.96893307, ...,  0.        ,
          0.9750718 ,  0.98789901],
        [ 0.9477035 ,  0.90731776,  0.88958118, ...,  0.9750718 ,
          0.        ,  0.87971632],
        [ 0.95503694,  0.95446401,  0.94469318, ...,  0.98789901,
          0.87971632,  0.        ]],

       [[ 0.        ,  1.        ,  1.        , ...,  0.8       ,
          1.        ,  1.        ],
        [ 1.        ,  0.        ,  0.75      , ...,  1.        ,
          0.75      ,  0.6       ],
        [ 1.        ,  0.75      ,  0.        , ...,  1.        ,
          0.66666667,  0.8       ],
        ..., 
        [ 0.8       ,  1.        ,  1.        , ...,  0.        ,
          1.        ,  1.        ],
        [ 1.        ,  0.75      ,  0.66666667, ...,  1.        ,
          0.        ,  0.5       ],
        [ 1.        ,  0.6       ,  0.8       , ...,  1.        ,
          0.5       ,  0.        ]]]), 'K': 20, 'L': 30}. Average performances: {'R^2': 0.793380572498793, 'MSE': 2.4099574506336685, 'Rp': 0.89104521026343608}. 
All performances: {'R^2': [0.7942113115280728, 0.7932964214123156, 0.7913471122963501, 0.7991998356508313, 0.7888481816063952], 'MSE': [2.3661834939473967, 2.3672957514926054, 2.4846175341419658, 2.3662261971769483, 2.4654642764094272], 'Rp': [0.89157479047039145, 0.89112425774564796, 0.88982923334215824, 0.89418996543044638, 0.88850780432853604]}. 
Best performances: {'R^2': 0.7952096492360269, 'MSE': 2.3885857935131156, 'Rp': 0.8920361180402161}. Best parameters: {'C2': array([[[ 0.,  0.,  0., ...,  0.,  0.,  0.],
        [ 0.,  0.,  0., ...,  0.,  0.,  0.],
        [ 0.,  0.,  0., ...,  0.,  0.,  0.],
        ..., 
        [ 0.,  0.,  0., ...,  0.,  0.,  0.],
        [ 0.,  0.,  0., ...,  0.,  0.,  0.],
        [ 0.,  0.,  0., ...,  0.,  0.,  0.]],

       [[ 0.,  0.,  0., ...,  0.,  0.,  0.],
        [ 0.,  0.,  0., ...,  0.,  0.,  0.],
        [ 0.,  0.,  0., ...,  0.,  0.,  0.],
        ..., 
        [ 0.,  0.,  0., ...,  0.,  0.,  0.],
        [ 0.,  0.,  0., ...,  0.,  0.,  0.],
        [ 0.,  0.,  0., ...,  0.,  0.,  0.]],

       [[ 0.,  0.,  0., ...,  0.,  0.,  0.],
        [ 0.,  0.,  0., ...,  0.,  0.,  0.],
        [ 0.,  0.,  0., ...,  0.,  0.,  0.],
        ..., 
        [ 0.,  0.,  0., ...,  0.,  0.,  0.],
        [ 0.,  0.,  0., ...,  0.,  0.,  0.],
        [ 0.,  0.,  0., ...,  0.,  0.,  0.]]]), 'C1': array([[[ 0.        ,  0.00949288,  0.00954187, ...,  0.0098718 ,
          0.00991844,  0.00997884],
        [ 0.00949288,  0.        ,  0.00968561, ...,  0.00948996,
          0.00968593,  0.00993614],
        [ 0.00954187,  0.00968561,  0.        , ...,  0.00980051,
          0.00964883,  0.00991597],
        ..., 
        [ 0.0098718 ,  0.00948996,  0.00980051, ...,  0.        ,
          0.00989765,  0.00969312],
        [ 0.00991844,  0.00968593,  0.00964883, ...,  0.00989765,
          0.        ,  0.00997016],
        [ 0.00997884,  0.00993614,  0.00991597, ...,  0.00969312,
          0.00997016,  0.        ]],

       [[ 0.        ,  0.00951787,  0.00947173, ...,  0.00979481,
          0.00947704,  0.00955037],
        [ 0.00951787,  0.        ,  0.0084122 , ...,  0.00965026,
          0.00907318,  0.00954464],
        [ 0.00947173,  0.0084122 ,  0.        , ...,  0.00968933,
          0.00889581,  0.00944693],
        ..., 
        [ 0.00979481,  0.00965026,  0.00968933, ...,  0.        ,
          0.00975072,  0.00987899],
        [ 0.00947704,  0.00907318,  0.00889581, ...,  0.00975072,
          0.        ,  0.00879716],
        [ 0.00955037,  0.00954464,  0.00944693, ...,  0.00987899,
          0.00879716,  0.        ]],

       [[ 0.        ,  0.01      ,  0.01      , ...,  0.008     ,
          0.01      ,  0.01      ],
        [ 0.01      ,  0.        ,  0.0075    , ...,  0.01      ,
          0.0075    ,  0.006     ],
        [ 0.01      ,  0.0075    ,  0.        , ...,  0.01      ,
          0.00666667,  0.008     ],
        ..., 
        [ 0.008     ,  0.01      ,  0.01      , ...,  0.        ,
          0.01      ,  0.01      ],
        [ 0.01      ,  0.0075    ,  0.00666667, ...,  0.01      ,
          0.        ,  0.005     ],
        [ 0.01      ,  0.006     ,  0.008     , ...,  0.01      ,
          0.005     ,  0.        ]]]), 'K': 20, 'L': 30}. 
