Tried parameters {'C2': array([[[ 0.,  0.,  0., ...,  0.,  0.,  0.],
        [ 0.,  0.,  0., ...,  0.,  0.,  0.],
        [ 0.,  0.,  0., ...,  0.,  0.,  0.],
        ..., 
        [ 0.,  0.,  0., ...,  0.,  0.,  0.],
        [ 0.,  0.,  0., ...,  0.,  0.,  0.],
        [ 0.,  0.,  0., ...,  0.,  0.,  0.]],

       [[ 0.,  0.,  0., ...,  0.,  0.,  0.],
        [ 0.,  0.,  0., ...,  0.,  0.,  0.],
        [ 0.,  0.,  0., ...,  0.,  0.,  0.],
        ..., 
        [ 0.,  0.,  0., ...,  0.,  0.,  0.],
        [ 0.,  0.,  0., ...,  0.,  0.,  0.],
        [ 0.,  0.,  0., ...,  0.,  0.,  0.]],

       [[ 0.,  0.,  0., ...,  0.,  0.,  0.],
        [ 0.,  0.,  0., ...,  0.,  0.,  0.],
        [ 0.,  0.,  0., ...,  0.,  0.,  0.],
        ..., 
        [ 0.,  0.,  0., ...,  0.,  0.,  0.],
        [ 0.,  0.,  0., ...,  0.,  0.,  0.],
        [ 0.,  0.,  0., ...,  0.,  0.,  0.]]]), 'C1': array([[[ 0.        ,  0.00949288,  0.00954187, ...,  0.0098718 ,
          0.00991844,  0.00997884],
        [ 0.00949288,  0.        ,  0.00968561, ...,  0.00948996,
          0.00968593,  0.00993614],
        [ 0.00954187,  0.00968561,  0.        , ...,  0.00980051,
          0.00964883,  0.00991597],
        ..., 
        [ 0.0098718 ,  0.00948996,  0.00980051, ...,  0.        ,
          0.00989765,  0.00969312],
        [ 0.00991844,  0.00968593,  0.00964883, ...,  0.00989765,
          0.        ,  0.00997016],
        [ 0.00997884,  0.00993614,  0.00991597, ...,  0.00969312,
          0.00997016,  0.        ]],

       [[ 0.        ,  0.00951787,  0.00947173, ...,  0.00979481,
          0.00947704,  0.00955037],
        [ 0.00951787,  0.        ,  0.0084122 , ...,  0.00965026,
          0.00907318,  0.00954464],
        [ 0.00947173,  0.0084122 ,  0.        , ...,  0.00968933,
          0.00889581,  0.00944693],
        ..., 
        [ 0.00979481,  0.00965026,  0.00968933, ...,  0.        ,
          0.00975072,  0.00987899],
        [ 0.00947704,  0.00907318,  0.00889581, ...,  0.00975072,
          0.        ,  0.00879716],
        [ 0.00955037,  0.00954464,  0.00944693, ...,  0.00987899,
          0.00879716,  0.        ]],

       [[ 0.        ,  0.01      ,  0.01      , ...,  0.008     ,
          0.01      ,  0.01      ],
        [ 0.01      ,  0.        ,  0.0075    , ...,  0.01      ,
          0.0075    ,  0.006     ],
        [ 0.01      ,  0.0075    ,  0.        , ...,  0.01      ,
          0.00666667,  0.008     ],
        ..., 
        [ 0.008     ,  0.01      ,  0.01      , ...,  0.        ,
          0.01      ,  0.01      ],
        [ 0.01      ,  0.0075    ,  0.00666667, ...,  0.01      ,
          0.        ,  0.005     ],
        [ 0.01      ,  0.006     ,  0.008     , ...,  0.01      ,
          0.005     ,  0.        ]]]), 'K': 10, 'L': 30}. Average performances: {'R^2': 0.7933765815054713, 'MSE': 2.4172955448738422, 'Rp': 0.89093255267130744}. 
All performances: {'R^2': [0.795558014424152, 0.7876383747777926, 0.8033845216081401, 0.7888643624217848, 0.7914376342954871], 'MSE': [2.4185455740821018, 2.4434118406829435, 2.3409629877404519, 2.4575355238436578, 2.4260217980200536], 'Rp': [0.89213688074514519, 0.88766105553064834, 0.89651442255115898, 0.88841943445886995, 0.88993097007071431]}. 
Tried parameters {'C2': array([[[ 0.,  0.,  0., ...,  0.,  0.,  0.],
        [ 0.,  0.,  0., ...,  0.,  0.,  0.],
        [ 0.,  0.,  0., ...,  0.,  0.,  0.],
        ..., 
        [ 0.,  0.,  0., ...,  0.,  0.,  0.],
        [ 0.,  0.,  0., ...,  0.,  0.,  0.],
        [ 0.,  0.,  0., ...,  0.,  0.,  0.]],

       [[ 0.,  0.,  0., ...,  0.,  0.,  0.],
        [ 0.,  0.,  0., ...,  0.,  0.,  0.],
        [ 0.,  0.,  0., ...,  0.,  0.,  0.],
        ..., 
        [ 0.,  0.,  0., ...,  0.,  0.,  0.],
        [ 0.,  0.,  0., ...,  0.,  0.,  0.],
        [ 0.,  0.,  0., ...,  0.,  0.,  0.]],

       [[ 0.,  0.,  0., ...,  0.,  0.,  0.],
        [ 0.,  0.,  0., ...,  0.,  0.,  0.],
        [ 0.,  0.,  0., ...,  0.,  0.,  0.],
        ..., 
        [ 0.,  0.,  0., ...,  0.,  0.,  0.],
        [ 0.,  0.,  0., ...,  0.,  0.,  0.],
        [ 0.,  0.,  0., ...,  0.,  0.,  0.]]]), 'C1': array([[[ 0.        ,  0.09492882,  0.09541867, ...,  0.098718  ,
          0.09918442,  0.09978838],
        [ 0.09492882,  0.        ,  0.09685607, ...,  0.09489964,
          0.09685932,  0.09936145],
        [ 0.09541867,  0.09685607,  0.        , ...,  0.09800514,
          0.09648832,  0.09915969],
        ..., 
        [ 0.098718  ,  0.09489964,  0.09800514, ...,  0.        ,
          0.0989765 ,  0.0969312 ],
        [ 0.09918442,  0.09685932,  0.09648832, ...,  0.0989765 ,
          0.        ,  0.09970155],
        [ 0.09978838,  0.09936145,  0.09915969, ...,  0.0969312 ,
          0.09970155,  0.        ]],

       [[ 0.        ,  0.09517872,  0.09471732, ...,  0.09794807,
          0.09477035,  0.09550369],
        [ 0.09517872,  0.        ,  0.08412204, ...,  0.09650258,
          0.09073178,  0.0954464 ],
        [ 0.09471732,  0.08412204,  0.        , ...,  0.09689331,
          0.08895812,  0.09446932],
        ..., 
        [ 0.09794807,  0.09650258,  0.09689331, ...,  0.        ,
          0.09750718,  0.0987899 ],
        [ 0.09477035,  0.09073178,  0.08895812, ...,  0.09750718,
          0.        ,  0.08797163],
        [ 0.09550369,  0.0954464 ,  0.09446932, ...,  0.0987899 ,
          0.08797163,  0.        ]],

       [[ 0.        ,  0.1       ,  0.1       , ...,  0.08      ,
          0.1       ,  0.1       ],
        [ 0.1       ,  0.        ,  0.075     , ...,  0.1       ,
          0.075     ,  0.06      ],
        [ 0.1       ,  0.075     ,  0.        , ...,  0.1       ,
          0.06666667,  0.08      ],
        ..., 
        [ 0.08      ,  0.1       ,  0.1       , ...,  0.        ,
          0.1       ,  0.1       ],
        [ 0.1       ,  0.075     ,  0.06666667, ...,  0.1       ,
          0.        ,  0.05      ],
        [ 0.1       ,  0.06      ,  0.08      , ...,  0.1       ,
          0.05      ,  0.        ]]]), 'K': 10, 'L': 30}. Average performances: {'R^2': 0.7907171053024633, 'MSE': 2.4490780945573141, 'Rp': 0.88948315449734316}. 
All performances: {'R^2': [0.8001929247386076, 0.7875067367897112, 0.7836296737821854, 0.7840169514925717, 0.7982392397092408], 'MSE': [2.3464543989065816, 2.47480988302731, 2.5343880723063137, 2.506216003786415, 2.3835221147599515], 'Rp': [0.89467467775152543, 0.88767078030268276, 0.88570772881041171, 0.88572740035814901, 0.89363518526394692]}. 
Tried parameters {'C2': array([[[ 0.,  0.,  0., ...,  0.,  0.,  0.],
        [ 0.,  0.,  0., ...,  0.,  0.,  0.],
        [ 0.,  0.,  0., ...,  0.,  0.,  0.],
        ..., 
        [ 0.,  0.,  0., ...,  0.,  0.,  0.],
        [ 0.,  0.,  0., ...,  0.,  0.,  0.],
        [ 0.,  0.,  0., ...,  0.,  0.,  0.]],

       [[ 0.,  0.,  0., ...,  0.,  0.,  0.],
        [ 0.,  0.,  0., ...,  0.,  0.,  0.],
        [ 0.,  0.,  0., ...,  0.,  0.,  0.],
        ..., 
        [ 0.,  0.,  0., ...,  0.,  0.,  0.],
        [ 0.,  0.,  0., ...,  0.,  0.,  0.],
        [ 0.,  0.,  0., ...,  0.,  0.,  0.]],

       [[ 0.,  0.,  0., ...,  0.,  0.,  0.],
        [ 0.,  0.,  0., ...,  0.,  0.,  0.],
        [ 0.,  0.,  0., ...,  0.,  0.,  0.],
        ..., 
        [ 0.,  0.,  0., ...,  0.,  0.,  0.],
        [ 0.,  0.,  0., ...,  0.,  0.,  0.],
        [ 0.,  0.,  0., ...,  0.,  0.,  0.]]]), 'C1': array([[[ 0.        ,  0.94928815,  0.95418667, ...,  0.98718004,
          0.99184421,  0.99788383],
        [ 0.94928815,  0.        ,  0.96856074, ...,  0.94899638,
          0.96859321,  0.99361447],
        [ 0.95418667,  0.96856074,  0.        , ...,  0.98005139,
          0.96488317,  0.99159689],
        ..., 
        [ 0.98718004,  0.94899638,  0.98005139, ...,  0.        ,
          0.98976495,  0.96931196],
        [ 0.99184421,  0.96859321,  0.96488317, ...,  0.98976495,
          0.        ,  0.9970155 ],
        [ 0.99788383,  0.99361447,  0.99159689, ...,  0.96931196,
          0.9970155 ,  0.        ]],

       [[ 0.        ,  0.95178718,  0.94717324, ...,  0.97948067,
          0.9477035 ,  0.95503694],
        [ 0.95178718,  0.        ,  0.84122036, ...,  0.96502576,
          0.90731776,  0.95446401],
        [ 0.94717324,  0.84122036,  0.        , ...,  0.96893307,
          0.88958118,  0.94469318],
        ..., 
        [ 0.97948067,  0.96502576,  0.96893307, ...,  0.        ,
          0.9750718 ,  0.98789901],
        [ 0.9477035 ,  0.90731776,  0.88958118, ...,  0.9750718 ,
          0.        ,  0.87971632],
        [ 0.95503694,  0.95446401,  0.94469318, ...,  0.98789901,
          0.87971632,  0.        ]],

       [[ 0.        ,  1.        ,  1.        , ...,  0.8       ,
          1.        ,  1.        ],
        [ 1.        ,  0.        ,  0.75      , ...,  1.        ,
          0.75      ,  0.6       ],
        [ 1.        ,  0.75      ,  0.        , ...,  1.        ,
          0.66666667,  0.8       ],
        ..., 
        [ 0.8       ,  1.        ,  1.        , ...,  0.        ,
          1.        ,  1.        ],
        [ 1.        ,  0.75      ,  0.66666667, ...,  1.        ,
          0.        ,  0.5       ],
        [ 1.        ,  0.6       ,  0.8       , ...,  1.        ,
          0.5       ,  0.        ]]]), 'K': 10, 'L': 30} but got exception: [Errno 12] Cannot allocate memory. 
Best performances: {'R^2': 0.7933765815054713, 'MSE': 2.4172955448738422, 'Rp': 0.89093255267130744}. Best parameters: {'C2': array([[[ 0.,  0.,  0., ...,  0.,  0.,  0.],
        [ 0.,  0.,  0., ...,  0.,  0.,  0.],
        [ 0.,  0.,  0., ...,  0.,  0.,  0.],
        ..., 
        [ 0.,  0.,  0., ...,  0.,  0.,  0.],
        [ 0.,  0.,  0., ...,  0.,  0.,  0.],
        [ 0.,  0.,  0., ...,  0.,  0.,  0.]],

       [[ 0.,  0.,  0., ...,  0.,  0.,  0.],
        [ 0.,  0.,  0., ...,  0.,  0.,  0.],
        [ 0.,  0.,  0., ...,  0.,  0.,  0.],
        ..., 
        [ 0.,  0.,  0., ...,  0.,  0.,  0.],
        [ 0.,  0.,  0., ...,  0.,  0.,  0.],
        [ 0.,  0.,  0., ...,  0.,  0.,  0.]],

       [[ 0.,  0.,  0., ...,  0.,  0.,  0.],
        [ 0.,  0.,  0., ...,  0.,  0.,  0.],
        [ 0.,  0.,  0., ...,  0.,  0.,  0.],
        ..., 
        [ 0.,  0.,  0., ...,  0.,  0.,  0.],
        [ 0.,  0.,  0., ...,  0.,  0.,  0.],
        [ 0.,  0.,  0., ...,  0.,  0.,  0.]]]), 'C1': array([[[ 0.        ,  0.00949288,  0.00954187, ...,  0.0098718 ,
          0.00991844,  0.00997884],
        [ 0.00949288,  0.        ,  0.00968561, ...,  0.00948996,
          0.00968593,  0.00993614],
        [ 0.00954187,  0.00968561,  0.        , ...,  0.00980051,
          0.00964883,  0.00991597],
        ..., 
        [ 0.0098718 ,  0.00948996,  0.00980051, ...,  0.        ,
          0.00989765,  0.00969312],
        [ 0.00991844,  0.00968593,  0.00964883, ...,  0.00989765,
          0.        ,  0.00997016],
        [ 0.00997884,  0.00993614,  0.00991597, ...,  0.00969312,
          0.00997016,  0.        ]],

       [[ 0.        ,  0.00951787,  0.00947173, ...,  0.00979481,
          0.00947704,  0.00955037],
        [ 0.00951787,  0.        ,  0.0084122 , ...,  0.00965026,
          0.00907318,  0.00954464],
        [ 0.00947173,  0.0084122 ,  0.        , ...,  0.00968933,
          0.00889581,  0.00944693],
        ..., 
        [ 0.00979481,  0.00965026,  0.00968933, ...,  0.        ,
          0.00975072,  0.00987899],
        [ 0.00947704,  0.00907318,  0.00889581, ...,  0.00975072,
          0.        ,  0.00879716],
        [ 0.00955037,  0.00954464,  0.00944693, ...,  0.00987899,
          0.00879716,  0.        ]],

       [[ 0.        ,  0.01      ,  0.01      , ...,  0.008     ,
          0.01      ,  0.01      ],
        [ 0.01      ,  0.        ,  0.0075    , ...,  0.01      ,
          0.0075    ,  0.006     ],
        [ 0.01      ,  0.0075    ,  0.        , ...,  0.01      ,
          0.00666667,  0.008     ],
        ..., 
        [ 0.008     ,  0.01      ,  0.01      , ...,  0.        ,
          0.01      ,  0.01      ],
        [ 0.01      ,  0.0075    ,  0.00666667, ...,  0.01      ,
          0.        ,  0.005     ],
        [ 0.01      ,  0.006     ,  0.008     , ...,  0.01      ,
          0.005     ,  0.        ]]]), 'K': 10, 'L': 30}. 
