Tried parameters {'C2': array([[[ 0.,  0.,  0., ...,  0.,  0.,  0.],
        [ 0.,  0.,  0., ...,  0.,  0.,  0.],
        [ 0.,  0.,  0., ...,  0.,  0.,  0.],
        ..., 
        [ 0.,  0.,  0., ...,  0.,  0.,  0.],
        [ 0.,  0.,  0., ...,  0.,  0.,  0.],
        [ 0.,  0.,  0., ...,  0.,  0.,  0.]],

       [[ 0.,  0.,  0., ...,  0.,  0.,  0.],
        [ 0.,  0.,  0., ...,  0.,  0.,  0.],
        [ 0.,  0.,  0., ...,  0.,  0.,  0.],
        ..., 
        [ 0.,  0.,  0., ...,  0.,  0.,  0.],
        [ 0.,  0.,  0., ...,  0.,  0.,  0.],
        [ 0.,  0.,  0., ...,  0.,  0.,  0.]],

       [[ 0.,  0.,  0., ...,  0.,  0.,  0.],
        [ 0.,  0.,  0., ...,  0.,  0.,  0.],
        [ 0.,  0.,  0., ...,  0.,  0.,  0.],
        ..., 
        [ 0.,  0.,  0., ...,  0.,  0.,  0.],
        [ 0.,  0.,  0., ...,  0.,  0.,  0.],
        [ 0.,  0.,  0., ...,  0.,  0.,  0.]]]), 'C1': array([[[ 0.        ,  0.00949288,  0.00954187, ...,  0.0098718 ,
          0.00991844,  0.00997884],
        [ 0.00949288,  0.        ,  0.00968561, ...,  0.00948996,
          0.00968593,  0.00993614],
        [ 0.00954187,  0.00968561,  0.        , ...,  0.00980051,
          0.00964883,  0.00991597],
        ..., 
        [ 0.0098718 ,  0.00948996,  0.00980051, ...,  0.        ,
          0.00989765,  0.00969312],
        [ 0.00991844,  0.00968593,  0.00964883, ...,  0.00989765,
          0.        ,  0.00997016],
        [ 0.00997884,  0.00993614,  0.00991597, ...,  0.00969312,
          0.00997016,  0.        ]],

       [[ 0.        ,  0.00951787,  0.00947173, ...,  0.00979481,
          0.00947704,  0.00955037],
        [ 0.00951787,  0.        ,  0.0084122 , ...,  0.00965026,
          0.00907318,  0.00954464],
        [ 0.00947173,  0.0084122 ,  0.        , ...,  0.00968933,
          0.00889581,  0.00944693],
        ..., 
        [ 0.00979481,  0.00965026,  0.00968933, ...,  0.        ,
          0.00975072,  0.00987899],
        [ 0.00947704,  0.00907318,  0.00889581, ...,  0.00975072,
          0.        ,  0.00879716],
        [ 0.00955037,  0.00954464,  0.00944693, ...,  0.00987899,
          0.00879716,  0.        ]],

       [[ 0.        ,  0.01      ,  0.01      , ...,  0.008     ,
          0.01      ,  0.01      ],
        [ 0.01      ,  0.        ,  0.0075    , ...,  0.01      ,
          0.0075    ,  0.006     ],
        [ 0.01      ,  0.0075    ,  0.        , ...,  0.01      ,
          0.00666667,  0.008     ],
        ..., 
        [ 0.008     ,  0.01      ,  0.01      , ...,  0.        ,
          0.01      ,  0.01      ],
        [ 0.01      ,  0.0075    ,  0.00666667, ...,  0.01      ,
          0.        ,  0.005     ],
        [ 0.01      ,  0.006     ,  0.008     , ...,  0.01      ,
          0.005     ,  0.        ]]]), 'K': 10, 'L': 20}. Average performances: {'R^2': 0.7909117948981146, 'MSE': 2.4500525487156857, 'Rp': 0.88959749714002179}. 
All performances: {'R^2': [0.7948754484379621, 0.8034052309305921, 0.7851682495079181, 0.7928376761299334, 0.778272369484167], 'MSE': [2.3663471887310505, 2.3256984506537663, 2.4493259720042833, 2.4311892501781047, 2.6777018820112239], 'Rp': [0.89194069078094163, 0.89644605229127849, 0.88644184504173262, 0.89054943370957118, 0.88260946387658423]}. 
Tried parameters {'C2': array([[[ 0.,  0.,  0., ...,  0.,  0.,  0.],
        [ 0.,  0.,  0., ...,  0.,  0.,  0.],
        [ 0.,  0.,  0., ...,  0.,  0.,  0.],
        ..., 
        [ 0.,  0.,  0., ...,  0.,  0.,  0.],
        [ 0.,  0.,  0., ...,  0.,  0.,  0.],
        [ 0.,  0.,  0., ...,  0.,  0.,  0.]],

       [[ 0.,  0.,  0., ...,  0.,  0.,  0.],
        [ 0.,  0.,  0., ...,  0.,  0.,  0.],
        [ 0.,  0.,  0., ...,  0.,  0.,  0.],
        ..., 
        [ 0.,  0.,  0., ...,  0.,  0.,  0.],
        [ 0.,  0.,  0., ...,  0.,  0.,  0.],
        [ 0.,  0.,  0., ...,  0.,  0.,  0.]],

       [[ 0.,  0.,  0., ...,  0.,  0.,  0.],
        [ 0.,  0.,  0., ...,  0.,  0.,  0.],
        [ 0.,  0.,  0., ...,  0.,  0.,  0.],
        ..., 
        [ 0.,  0.,  0., ...,  0.,  0.,  0.],
        [ 0.,  0.,  0., ...,  0.,  0.,  0.],
        [ 0.,  0.,  0., ...,  0.,  0.,  0.]]]), 'C1': array([[[ 0.        ,  0.09492882,  0.09541867, ...,  0.098718  ,
          0.09918442,  0.09978838],
        [ 0.09492882,  0.        ,  0.09685607, ...,  0.09489964,
          0.09685932,  0.09936145],
        [ 0.09541867,  0.09685607,  0.        , ...,  0.09800514,
          0.09648832,  0.09915969],
        ..., 
        [ 0.098718  ,  0.09489964,  0.09800514, ...,  0.        ,
          0.0989765 ,  0.0969312 ],
        [ 0.09918442,  0.09685932,  0.09648832, ...,  0.0989765 ,
          0.        ,  0.09970155],
        [ 0.09978838,  0.09936145,  0.09915969, ...,  0.0969312 ,
          0.09970155,  0.        ]],

       [[ 0.        ,  0.09517872,  0.09471732, ...,  0.09794807,
          0.09477035,  0.09550369],
        [ 0.09517872,  0.        ,  0.08412204, ...,  0.09650258,
          0.09073178,  0.0954464 ],
        [ 0.09471732,  0.08412204,  0.        , ...,  0.09689331,
          0.08895812,  0.09446932],
        ..., 
        [ 0.09794807,  0.09650258,  0.09689331, ...,  0.        ,
          0.09750718,  0.0987899 ],
        [ 0.09477035,  0.09073178,  0.08895812, ...,  0.09750718,
          0.        ,  0.08797163],
        [ 0.09550369,  0.0954464 ,  0.09446932, ...,  0.0987899 ,
          0.08797163,  0.        ]],

       [[ 0.        ,  0.1       ,  0.1       , ...,  0.08      ,
          0.1       ,  0.1       ],
        [ 0.1       ,  0.        ,  0.075     , ...,  0.1       ,
          0.075     ,  0.06      ],
        [ 0.1       ,  0.075     ,  0.        , ...,  0.1       ,
          0.06666667,  0.08      ],
        ..., 
        [ 0.08      ,  0.1       ,  0.1       , ...,  0.        ,
          0.1       ,  0.1       ],
        [ 0.1       ,  0.075     ,  0.06666667, ...,  0.1       ,
          0.        ,  0.05      ],
        [ 0.1       ,  0.06      ,  0.08      , ...,  0.1       ,
          0.05      ,  0.        ]]]), 'K': 10, 'L': 20}. Average performances: {'R^2': 0.7850323181231896, 'MSE': 2.5183973528444605, 'Rp': 0.88643551146200372}. 
All performances: {'R^2': [0.786310042345711, 0.7875695089335013, 0.7808960274545682, 0.7868792840410168, 0.7835067278411508], 'MSE': [2.4735364647261564, 2.5403897552664718, 2.5620461841797084, 2.5129157881813216, 2.5030985718686445], 'Rp': [0.8868892789570253, 0.88830108548429509, 0.88429651027724199, 0.88722632544259261, 0.88546435714886373]}. 
Tried parameters {'C2': array([[[ 0.,  0.,  0., ...,  0.,  0.,  0.],
        [ 0.,  0.,  0., ...,  0.,  0.,  0.],
        [ 0.,  0.,  0., ...,  0.,  0.,  0.],
        ..., 
        [ 0.,  0.,  0., ...,  0.,  0.,  0.],
        [ 0.,  0.,  0., ...,  0.,  0.,  0.],
        [ 0.,  0.,  0., ...,  0.,  0.,  0.]],

       [[ 0.,  0.,  0., ...,  0.,  0.,  0.],
        [ 0.,  0.,  0., ...,  0.,  0.,  0.],
        [ 0.,  0.,  0., ...,  0.,  0.,  0.],
        ..., 
        [ 0.,  0.,  0., ...,  0.,  0.,  0.],
        [ 0.,  0.,  0., ...,  0.,  0.,  0.],
        [ 0.,  0.,  0., ...,  0.,  0.,  0.]],

       [[ 0.,  0.,  0., ...,  0.,  0.,  0.],
        [ 0.,  0.,  0., ...,  0.,  0.,  0.],
        [ 0.,  0.,  0., ...,  0.,  0.,  0.],
        ..., 
        [ 0.,  0.,  0., ...,  0.,  0.,  0.],
        [ 0.,  0.,  0., ...,  0.,  0.,  0.],
        [ 0.,  0.,  0., ...,  0.,  0.,  0.]]]), 'C1': array([[[ 0.        ,  0.94928815,  0.95418667, ...,  0.98718004,
          0.99184421,  0.99788383],
        [ 0.94928815,  0.        ,  0.96856074, ...,  0.94899638,
          0.96859321,  0.99361447],
        [ 0.95418667,  0.96856074,  0.        , ...,  0.98005139,
          0.96488317,  0.99159689],
        ..., 
        [ 0.98718004,  0.94899638,  0.98005139, ...,  0.        ,
          0.98976495,  0.96931196],
        [ 0.99184421,  0.96859321,  0.96488317, ...,  0.98976495,
          0.        ,  0.9970155 ],
        [ 0.99788383,  0.99361447,  0.99159689, ...,  0.96931196,
          0.9970155 ,  0.        ]],

       [[ 0.        ,  0.95178718,  0.94717324, ...,  0.97948067,
          0.9477035 ,  0.95503694],
        [ 0.95178718,  0.        ,  0.84122036, ...,  0.96502576,
          0.90731776,  0.95446401],
        [ 0.94717324,  0.84122036,  0.        , ...,  0.96893307,
          0.88958118,  0.94469318],
        ..., 
        [ 0.97948067,  0.96502576,  0.96893307, ...,  0.        ,
          0.9750718 ,  0.98789901],
        [ 0.9477035 ,  0.90731776,  0.88958118, ...,  0.9750718 ,
          0.        ,  0.87971632],
        [ 0.95503694,  0.95446401,  0.94469318, ...,  0.98789901,
          0.87971632,  0.        ]],

       [[ 0.        ,  1.        ,  1.        , ...,  0.8       ,
          1.        ,  1.        ],
        [ 1.        ,  0.        ,  0.75      , ...,  1.        ,
          0.75      ,  0.6       ],
        [ 1.        ,  0.75      ,  0.        , ...,  1.        ,
          0.66666667,  0.8       ],
        ..., 
        [ 0.8       ,  1.        ,  1.        , ...,  0.        ,
          1.        ,  1.        ],
        [ 1.        ,  0.75      ,  0.66666667, ...,  1.        ,
          0.        ,  0.5       ],
        [ 1.        ,  0.6       ,  0.8       , ...,  1.        ,
          0.5       ,  0.        ]]]), 'K': 10, 'L': 20}. Average performances: {'R^2': 0.7873665085910968, 'MSE': 2.4907311573418549, 'Rp': 0.88786008813968709}. 
All performances: {'R^2': [0.793212851229964, 0.7926683380805045, 0.7810799349904596, 0.78668823753211, 0.7831831811224463], 'MSE': [2.4392518855074914, 2.4231857523190317, 2.5267788075266164, 2.5607498194022034, 2.5036895219539326], 'Rp': [0.89084752561128977, 0.89116440334773928, 0.88446995077300772, 0.88767212391352102, 0.88514643705287799]}. 
Best performances: {'R^2': 0.7909117948981146, 'MSE': 2.4500525487156857, 'Rp': 0.88959749714002179}. Best parameters: {'C2': array([[[ 0.,  0.,  0., ...,  0.,  0.,  0.],
        [ 0.,  0.,  0., ...,  0.,  0.,  0.],
        [ 0.,  0.,  0., ...,  0.,  0.,  0.],
        ..., 
        [ 0.,  0.,  0., ...,  0.,  0.,  0.],
        [ 0.,  0.,  0., ...,  0.,  0.,  0.],
        [ 0.,  0.,  0., ...,  0.,  0.,  0.]],

       [[ 0.,  0.,  0., ...,  0.,  0.,  0.],
        [ 0.,  0.,  0., ...,  0.,  0.,  0.],
        [ 0.,  0.,  0., ...,  0.,  0.,  0.],
        ..., 
        [ 0.,  0.,  0., ...,  0.,  0.,  0.],
        [ 0.,  0.,  0., ...,  0.,  0.,  0.],
        [ 0.,  0.,  0., ...,  0.,  0.,  0.]],

       [[ 0.,  0.,  0., ...,  0.,  0.,  0.],
        [ 0.,  0.,  0., ...,  0.,  0.,  0.],
        [ 0.,  0.,  0., ...,  0.,  0.,  0.],
        ..., 
        [ 0.,  0.,  0., ...,  0.,  0.,  0.],
        [ 0.,  0.,  0., ...,  0.,  0.,  0.],
        [ 0.,  0.,  0., ...,  0.,  0.,  0.]]]), 'C1': array([[[ 0.        ,  0.00949288,  0.00954187, ...,  0.0098718 ,
          0.00991844,  0.00997884],
        [ 0.00949288,  0.        ,  0.00968561, ...,  0.00948996,
          0.00968593,  0.00993614],
        [ 0.00954187,  0.00968561,  0.        , ...,  0.00980051,
          0.00964883,  0.00991597],
        ..., 
        [ 0.0098718 ,  0.00948996,  0.00980051, ...,  0.        ,
          0.00989765,  0.00969312],
        [ 0.00991844,  0.00968593,  0.00964883, ...,  0.00989765,
          0.        ,  0.00997016],
        [ 0.00997884,  0.00993614,  0.00991597, ...,  0.00969312,
          0.00997016,  0.        ]],

       [[ 0.        ,  0.00951787,  0.00947173, ...,  0.00979481,
          0.00947704,  0.00955037],
        [ 0.00951787,  0.        ,  0.0084122 , ...,  0.00965026,
          0.00907318,  0.00954464],
        [ 0.00947173,  0.0084122 ,  0.        , ...,  0.00968933,
          0.00889581,  0.00944693],
        ..., 
        [ 0.00979481,  0.00965026,  0.00968933, ...,  0.        ,
          0.00975072,  0.00987899],
        [ 0.00947704,  0.00907318,  0.00889581, ...,  0.00975072,
          0.        ,  0.00879716],
        [ 0.00955037,  0.00954464,  0.00944693, ...,  0.00987899,
          0.00879716,  0.        ]],

       [[ 0.        ,  0.01      ,  0.01      , ...,  0.008     ,
          0.01      ,  0.01      ],
        [ 0.01      ,  0.        ,  0.0075    , ...,  0.01      ,
          0.0075    ,  0.006     ],
        [ 0.01      ,  0.0075    ,  0.        , ...,  0.01      ,
          0.00666667,  0.008     ],
        ..., 
        [ 0.008     ,  0.01      ,  0.01      , ...,  0.        ,
          0.01      ,  0.01      ],
        [ 0.01      ,  0.0075    ,  0.00666667, ...,  0.01      ,
          0.        ,  0.005     ],
        [ 0.01      ,  0.006     ,  0.008     , ...,  0.01      ,
          0.005     ,  0.        ]]]), 'K': 10, 'L': 20}. 
