Tried parameters {'C2': array([[[ 0.,  0.,  0., ...,  0.,  0.,  0.],
        [ 0.,  0.,  0., ...,  0.,  0.,  0.],
        [ 0.,  0.,  0., ...,  0.,  0.,  0.],
        ..., 
        [ 0.,  0.,  0., ...,  0.,  0.,  0.],
        [ 0.,  0.,  0., ...,  0.,  0.,  0.],
        [ 0.,  0.,  0., ...,  0.,  0.,  0.]],

       [[ 0.,  0.,  0., ...,  0.,  0.,  0.],
        [ 0.,  0.,  0., ...,  0.,  0.,  0.],
        [ 0.,  0.,  0., ...,  0.,  0.,  0.],
        ..., 
        [ 0.,  0.,  0., ...,  0.,  0.,  0.],
        [ 0.,  0.,  0., ...,  0.,  0.,  0.],
        [ 0.,  0.,  0., ...,  0.,  0.,  0.]],

       [[ 0.,  0.,  0., ...,  0.,  0.,  0.],
        [ 0.,  0.,  0., ...,  0.,  0.,  0.],
        [ 0.,  0.,  0., ...,  0.,  0.,  0.],
        ..., 
        [ 0.,  0.,  0., ...,  0.,  0.,  0.],
        [ 0.,  0.,  0., ...,  0.,  0.,  0.],
        [ 0.,  0.,  0., ...,  0.,  0.,  0.]]]), 'C1': array([[[ 0.        ,  0.00949288,  0.00954187, ...,  0.0098718 ,
          0.00991844,  0.00997884],
        [ 0.00949288,  0.        ,  0.00968561, ...,  0.00948996,
          0.00968593,  0.00993614],
        [ 0.00954187,  0.00968561,  0.        , ...,  0.00980051,
          0.00964883,  0.00991597],
        ..., 
        [ 0.0098718 ,  0.00948996,  0.00980051, ...,  0.        ,
          0.00989765,  0.00969312],
        [ 0.00991844,  0.00968593,  0.00964883, ...,  0.00989765,
          0.        ,  0.00997016],
        [ 0.00997884,  0.00993614,  0.00991597, ...,  0.00969312,
          0.00997016,  0.        ]],

       [[ 0.        ,  0.00951787,  0.00947173, ...,  0.00979481,
          0.00947704,  0.00955037],
        [ 0.00951787,  0.        ,  0.0084122 , ...,  0.00965026,
          0.00907318,  0.00954464],
        [ 0.00947173,  0.0084122 ,  0.        , ...,  0.00968933,
          0.00889581,  0.00944693],
        ..., 
        [ 0.00979481,  0.00965026,  0.00968933, ...,  0.        ,
          0.00975072,  0.00987899],
        [ 0.00947704,  0.00907318,  0.00889581, ...,  0.00975072,
          0.        ,  0.00879716],
        [ 0.00955037,  0.00954464,  0.00944693, ...,  0.00987899,
          0.00879716,  0.        ]],

       [[ 0.        ,  0.01      ,  0.01      , ...,  0.008     ,
          0.01      ,  0.01      ],
        [ 0.01      ,  0.        ,  0.0075    , ...,  0.01      ,
          0.0075    ,  0.006     ],
        [ 0.01      ,  0.0075    ,  0.        , ...,  0.01      ,
          0.00666667,  0.008     ],
        ..., 
        [ 0.008     ,  0.01      ,  0.01      , ...,  0.        ,
          0.01      ,  0.01      ],
        [ 0.01      ,  0.0075    ,  0.00666667, ...,  0.01      ,
          0.        ,  0.005     ],
        [ 0.01      ,  0.006     ,  0.008     , ...,  0.01      ,
          0.005     ,  0.        ]]]), 'K': 20, 'L': 30}. Average performances: {'R^2': 0.7911373877165785, 'MSE': 2.4348677688351414, 'Rp': 0.88989801200918472}. 
All performances: {'R^2': [0.7827659990867476, 0.7970889188618777, 0.794918208739066, 0.7970195330533868, 0.7838942788418144], 'MSE': [2.4722180772759357, 2.4002807645509083, 2.3665858371781585, 2.4178602685204864, 2.5173938966502196], 'Rp': [0.88563775963899105, 0.89297696979614516, 0.89230752961595938, 0.89298824712818148, 0.88557955386664677]}. 
Tried parameters {'C2': array([[[ 0.,  0.,  0., ...,  0.,  0.,  0.],
        [ 0.,  0.,  0., ...,  0.,  0.,  0.],
        [ 0.,  0.,  0., ...,  0.,  0.,  0.],
        ..., 
        [ 0.,  0.,  0., ...,  0.,  0.,  0.],
        [ 0.,  0.,  0., ...,  0.,  0.,  0.],
        [ 0.,  0.,  0., ...,  0.,  0.,  0.]],

       [[ 0.,  0.,  0., ...,  0.,  0.,  0.],
        [ 0.,  0.,  0., ...,  0.,  0.,  0.],
        [ 0.,  0.,  0., ...,  0.,  0.,  0.],
        ..., 
        [ 0.,  0.,  0., ...,  0.,  0.,  0.],
        [ 0.,  0.,  0., ...,  0.,  0.,  0.],
        [ 0.,  0.,  0., ...,  0.,  0.,  0.]],

       [[ 0.,  0.,  0., ...,  0.,  0.,  0.],
        [ 0.,  0.,  0., ...,  0.,  0.,  0.],
        [ 0.,  0.,  0., ...,  0.,  0.,  0.],
        ..., 
        [ 0.,  0.,  0., ...,  0.,  0.,  0.],
        [ 0.,  0.,  0., ...,  0.,  0.,  0.],
        [ 0.,  0.,  0., ...,  0.,  0.,  0.]]]), 'C1': array([[[ 0.        ,  0.09492882,  0.09541867, ...,  0.098718  ,
          0.09918442,  0.09978838],
        [ 0.09492882,  0.        ,  0.09685607, ...,  0.09489964,
          0.09685932,  0.09936145],
        [ 0.09541867,  0.09685607,  0.        , ...,  0.09800514,
          0.09648832,  0.09915969],
        ..., 
        [ 0.098718  ,  0.09489964,  0.09800514, ...,  0.        ,
          0.0989765 ,  0.0969312 ],
        [ 0.09918442,  0.09685932,  0.09648832, ...,  0.0989765 ,
          0.        ,  0.09970155],
        [ 0.09978838,  0.09936145,  0.09915969, ...,  0.0969312 ,
          0.09970155,  0.        ]],

       [[ 0.        ,  0.09517872,  0.09471732, ...,  0.09794807,
          0.09477035,  0.09550369],
        [ 0.09517872,  0.        ,  0.08412204, ...,  0.09650258,
          0.09073178,  0.0954464 ],
        [ 0.09471732,  0.08412204,  0.        , ...,  0.09689331,
          0.08895812,  0.09446932],
        ..., 
        [ 0.09794807,  0.09650258,  0.09689331, ...,  0.        ,
          0.09750718,  0.0987899 ],
        [ 0.09477035,  0.09073178,  0.08895812, ...,  0.09750718,
          0.        ,  0.08797163],
        [ 0.09550369,  0.0954464 ,  0.09446932, ...,  0.0987899 ,
          0.08797163,  0.        ]],

       [[ 0.        ,  0.1       ,  0.1       , ...,  0.08      ,
          0.1       ,  0.1       ],
        [ 0.1       ,  0.        ,  0.075     , ...,  0.1       ,
          0.075     ,  0.06      ],
        [ 0.1       ,  0.075     ,  0.        , ...,  0.1       ,
          0.06666667,  0.08      ],
        ..., 
        [ 0.08      ,  0.1       ,  0.1       , ...,  0.        ,
          0.1       ,  0.1       ],
        [ 0.1       ,  0.075     ,  0.06666667, ...,  0.1       ,
          0.        ,  0.05      ],
        [ 0.1       ,  0.06      ,  0.08      , ...,  0.1       ,
          0.05      ,  0.        ]]]), 'K': 20, 'L': 30}. Average performances: {'R^2': 0.7875770520976608, 'MSE': 2.4775739432798987, 'Rp': 0.88804864695049501}. 
All performances: {'R^2': [0.7887849164208958, 0.7923035440579729, 0.786844771545887, 0.7860307211398221, 0.7839213073237268], 'MSE': [2.4478655314992186, 2.4421765284193242, 2.4795314726892852, 2.4909527906939566, 2.5273433930977101], 'Rp': [0.88871870079827897, 0.89030143896376646, 0.88760234655464243, 0.8867984547809038, 0.88682229365488274]}. 
Tried parameters {'C2': array([[[ 0.,  0.,  0., ...,  0.,  0.,  0.],
        [ 0.,  0.,  0., ...,  0.,  0.,  0.],
        [ 0.,  0.,  0., ...,  0.,  0.,  0.],
        ..., 
        [ 0.,  0.,  0., ...,  0.,  0.,  0.],
        [ 0.,  0.,  0., ...,  0.,  0.,  0.],
        [ 0.,  0.,  0., ...,  0.,  0.,  0.]],

       [[ 0.,  0.,  0., ...,  0.,  0.,  0.],
        [ 0.,  0.,  0., ...,  0.,  0.,  0.],
        [ 0.,  0.,  0., ...,  0.,  0.,  0.],
        ..., 
        [ 0.,  0.,  0., ...,  0.,  0.,  0.],
        [ 0.,  0.,  0., ...,  0.,  0.,  0.],
        [ 0.,  0.,  0., ...,  0.,  0.,  0.]],

       [[ 0.,  0.,  0., ...,  0.,  0.,  0.],
        [ 0.,  0.,  0., ...,  0.,  0.,  0.],
        [ 0.,  0.,  0., ...,  0.,  0.,  0.],
        ..., 
        [ 0.,  0.,  0., ...,  0.,  0.,  0.],
        [ 0.,  0.,  0., ...,  0.,  0.,  0.],
        [ 0.,  0.,  0., ...,  0.,  0.,  0.]]]), 'C1': array([[[ 0.        ,  0.94928815,  0.95418667, ...,  0.98718004,
          0.99184421,  0.99788383],
        [ 0.94928815,  0.        ,  0.96856074, ...,  0.94899638,
          0.96859321,  0.99361447],
        [ 0.95418667,  0.96856074,  0.        , ...,  0.98005139,
          0.96488317,  0.99159689],
        ..., 
        [ 0.98718004,  0.94899638,  0.98005139, ...,  0.        ,
          0.98976495,  0.96931196],
        [ 0.99184421,  0.96859321,  0.96488317, ...,  0.98976495,
          0.        ,  0.9970155 ],
        [ 0.99788383,  0.99361447,  0.99159689, ...,  0.96931196,
          0.9970155 ,  0.        ]],

       [[ 0.        ,  0.95178718,  0.94717324, ...,  0.97948067,
          0.9477035 ,  0.95503694],
        [ 0.95178718,  0.        ,  0.84122036, ...,  0.96502576,
          0.90731776,  0.95446401],
        [ 0.94717324,  0.84122036,  0.        , ...,  0.96893307,
          0.88958118,  0.94469318],
        ..., 
        [ 0.97948067,  0.96502576,  0.96893307, ...,  0.        ,
          0.9750718 ,  0.98789901],
        [ 0.9477035 ,  0.90731776,  0.88958118, ...,  0.9750718 ,
          0.        ,  0.87971632],
        [ 0.95503694,  0.95446401,  0.94469318, ...,  0.98789901,
          0.87971632,  0.        ]],

       [[ 0.        ,  1.        ,  1.        , ...,  0.8       ,
          1.        ,  1.        ],
        [ 1.        ,  0.        ,  0.75      , ...,  1.        ,
          0.75      ,  0.6       ],
        [ 1.        ,  0.75      ,  0.        , ...,  1.        ,
          0.66666667,  0.8       ],
        ..., 
        [ 0.8       ,  1.        ,  1.        , ...,  0.        ,
          1.        ,  1.        ],
        [ 1.        ,  0.75      ,  0.66666667, ...,  1.        ,
          0.        ,  0.5       ],
        [ 1.        ,  0.6       ,  0.8       , ...,  1.        ,
          0.5       ,  0.        ]]]), 'K': 20, 'L': 30}. Average performances: {'R^2': 0.7874968232401629, 'MSE': 2.4778236568335927, 'Rp': 0.8877952109153322}. 
All performances: {'R^2': [0.7816344852976316, 0.7908742985721805, 0.7858772413211207, 0.787874810179789, 0.7912232808300931], 'MSE': [2.5158121133678546, 2.497554596869564, 2.4072148876111998, 2.5089668704616908, 2.4595698158576527], 'Rp': [0.884618689944626, 0.88981850693517495, 0.88705617836288897, 0.88775643089964307, 0.88972624843432813]}. 
Best performances: {'R^2': 0.7911373877165785, 'MSE': 2.4348677688351414, 'Rp': 0.88989801200918472}. Best parameters: {'C2': array([[[ 0.,  0.,  0., ...,  0.,  0.,  0.],
        [ 0.,  0.,  0., ...,  0.,  0.,  0.],
        [ 0.,  0.,  0., ...,  0.,  0.,  0.],
        ..., 
        [ 0.,  0.,  0., ...,  0.,  0.,  0.],
        [ 0.,  0.,  0., ...,  0.,  0.,  0.],
        [ 0.,  0.,  0., ...,  0.,  0.,  0.]],

       [[ 0.,  0.,  0., ...,  0.,  0.,  0.],
        [ 0.,  0.,  0., ...,  0.,  0.,  0.],
        [ 0.,  0.,  0., ...,  0.,  0.,  0.],
        ..., 
        [ 0.,  0.,  0., ...,  0.,  0.,  0.],
        [ 0.,  0.,  0., ...,  0.,  0.,  0.],
        [ 0.,  0.,  0., ...,  0.,  0.,  0.]],

       [[ 0.,  0.,  0., ...,  0.,  0.,  0.],
        [ 0.,  0.,  0., ...,  0.,  0.,  0.],
        [ 0.,  0.,  0., ...,  0.,  0.,  0.],
        ..., 
        [ 0.,  0.,  0., ...,  0.,  0.,  0.],
        [ 0.,  0.,  0., ...,  0.,  0.,  0.],
        [ 0.,  0.,  0., ...,  0.,  0.,  0.]]]), 'C1': array([[[ 0.        ,  0.00949288,  0.00954187, ...,  0.0098718 ,
          0.00991844,  0.00997884],
        [ 0.00949288,  0.        ,  0.00968561, ...,  0.00948996,
          0.00968593,  0.00993614],
        [ 0.00954187,  0.00968561,  0.        , ...,  0.00980051,
          0.00964883,  0.00991597],
        ..., 
        [ 0.0098718 ,  0.00948996,  0.00980051, ...,  0.        ,
          0.00989765,  0.00969312],
        [ 0.00991844,  0.00968593,  0.00964883, ...,  0.00989765,
          0.        ,  0.00997016],
        [ 0.00997884,  0.00993614,  0.00991597, ...,  0.00969312,
          0.00997016,  0.        ]],

       [[ 0.        ,  0.00951787,  0.00947173, ...,  0.00979481,
          0.00947704,  0.00955037],
        [ 0.00951787,  0.        ,  0.0084122 , ...,  0.00965026,
          0.00907318,  0.00954464],
        [ 0.00947173,  0.0084122 ,  0.        , ...,  0.00968933,
          0.00889581,  0.00944693],
        ..., 
        [ 0.00979481,  0.00965026,  0.00968933, ...,  0.        ,
          0.00975072,  0.00987899],
        [ 0.00947704,  0.00907318,  0.00889581, ...,  0.00975072,
          0.        ,  0.00879716],
        [ 0.00955037,  0.00954464,  0.00944693, ...,  0.00987899,
          0.00879716,  0.        ]],

       [[ 0.        ,  0.01      ,  0.01      , ...,  0.008     ,
          0.01      ,  0.01      ],
        [ 0.01      ,  0.        ,  0.0075    , ...,  0.01      ,
          0.0075    ,  0.006     ],
        [ 0.01      ,  0.0075    ,  0.        , ...,  0.01      ,
          0.00666667,  0.008     ],
        ..., 
        [ 0.008     ,  0.01      ,  0.01      , ...,  0.        ,
          0.01      ,  0.01      ],
        [ 0.01      ,  0.0075    ,  0.00666667, ...,  0.01      ,
          0.        ,  0.005     ],
        [ 0.01      ,  0.006     ,  0.008     , ...,  0.01      ,
          0.005     ,  0.        ]]]), 'K': 20, 'L': 30}. 
