Tried parameters {'C2': array([[[ 0.,  0.,  0., ...,  0.,  0.,  0.],
        [ 0.,  0.,  0., ...,  0.,  0.,  0.],
        [ 0.,  0.,  0., ...,  0.,  0.,  0.],
        ..., 
        [ 0.,  0.,  0., ...,  0.,  0.,  0.],
        [ 0.,  0.,  0., ...,  0.,  0.,  0.],
        [ 0.,  0.,  0., ...,  0.,  0.,  0.]],

       [[ 0.,  0.,  0., ...,  0.,  0.,  0.],
        [ 0.,  0.,  0., ...,  0.,  0.,  0.],
        [ 0.,  0.,  0., ...,  0.,  0.,  0.],
        ..., 
        [ 0.,  0.,  0., ...,  0.,  0.,  0.],
        [ 0.,  0.,  0., ...,  0.,  0.,  0.],
        [ 0.,  0.,  0., ...,  0.,  0.,  0.]],

       [[ 0.,  0.,  0., ...,  0.,  0.,  0.],
        [ 0.,  0.,  0., ...,  0.,  0.,  0.],
        [ 0.,  0.,  0., ...,  0.,  0.,  0.],
        ..., 
        [ 0.,  0.,  0., ...,  0.,  0.,  0.],
        [ 0.,  0.,  0., ...,  0.,  0.,  0.],
        [ 0.,  0.,  0., ...,  0.,  0.,  0.]]]), 'C1': array([[[ 0.        ,  0.00949288,  0.00954187, ...,  0.0098718 ,
          0.00991844,  0.00997884],
        [ 0.00949288,  0.        ,  0.00968561, ...,  0.00948996,
          0.00968593,  0.00993614],
        [ 0.00954187,  0.00968561,  0.        , ...,  0.00980051,
          0.00964883,  0.00991597],
        ..., 
        [ 0.0098718 ,  0.00948996,  0.00980051, ...,  0.        ,
          0.00989765,  0.00969312],
        [ 0.00991844,  0.00968593,  0.00964883, ...,  0.00989765,
          0.        ,  0.00997016],
        [ 0.00997884,  0.00993614,  0.00991597, ...,  0.00969312,
          0.00997016,  0.        ]],

       [[ 0.        ,  0.00951787,  0.00947173, ...,  0.00979481,
          0.00947704,  0.00955037],
        [ 0.00951787,  0.        ,  0.0084122 , ...,  0.00965026,
          0.00907318,  0.00954464],
        [ 0.00947173,  0.0084122 ,  0.        , ...,  0.00968933,
          0.00889581,  0.00944693],
        ..., 
        [ 0.00979481,  0.00965026,  0.00968933, ...,  0.        ,
          0.00975072,  0.00987899],
        [ 0.00947704,  0.00907318,  0.00889581, ...,  0.00975072,
          0.        ,  0.00879716],
        [ 0.00955037,  0.00954464,  0.00944693, ...,  0.00987899,
          0.00879716,  0.        ]],

       [[ 0.        ,  0.01      ,  0.01      , ...,  0.008     ,
          0.01      ,  0.01      ],
        [ 0.01      ,  0.        ,  0.0075    , ...,  0.01      ,
          0.0075    ,  0.006     ],
        [ 0.01      ,  0.0075    ,  0.        , ...,  0.01      ,
          0.00666667,  0.008     ],
        ..., 
        [ 0.008     ,  0.01      ,  0.01      , ...,  0.        ,
          0.01      ,  0.01      ],
        [ 0.01      ,  0.0075    ,  0.00666667, ...,  0.01      ,
          0.        ,  0.005     ],
        [ 0.01      ,  0.006     ,  0.008     , ...,  0.01      ,
          0.005     ,  0.        ]]]), 'K': 15, 'L': 25}. Average performances: {'R^2': 0.7964382376399599, 'MSE': 2.3744075455721552, 'Rp': 0.89266456215257617}. 
All performances: {'R^2': [0.8012286233948864, 0.7922512817354309, 0.8003694932162599, 0.7987829621245762, 0.7895588277286462], 'MSE': [2.3184524635318127, 2.4119622166887091, 2.3489983578507436, 2.331130804050948, 2.4614938857385646], 'Rp': [0.89535902913199028, 0.89057375403055872, 0.89470217196768609, 0.89383359071660939, 0.88885426491603658]}. 
Tried parameters {'C2': array([[[ 0.,  0.,  0., ...,  0.,  0.,  0.],
        [ 0.,  0.,  0., ...,  0.,  0.,  0.],
        [ 0.,  0.,  0., ...,  0.,  0.,  0.],
        ..., 
        [ 0.,  0.,  0., ...,  0.,  0.,  0.],
        [ 0.,  0.,  0., ...,  0.,  0.,  0.],
        [ 0.,  0.,  0., ...,  0.,  0.,  0.]],

       [[ 0.,  0.,  0., ...,  0.,  0.,  0.],
        [ 0.,  0.,  0., ...,  0.,  0.,  0.],
        [ 0.,  0.,  0., ...,  0.,  0.,  0.],
        ..., 
        [ 0.,  0.,  0., ...,  0.,  0.,  0.],
        [ 0.,  0.,  0., ...,  0.,  0.,  0.],
        [ 0.,  0.,  0., ...,  0.,  0.,  0.]],

       [[ 0.,  0.,  0., ...,  0.,  0.,  0.],
        [ 0.,  0.,  0., ...,  0.,  0.,  0.],
        [ 0.,  0.,  0., ...,  0.,  0.,  0.],
        ..., 
        [ 0.,  0.,  0., ...,  0.,  0.,  0.],
        [ 0.,  0.,  0., ...,  0.,  0.,  0.],
        [ 0.,  0.,  0., ...,  0.,  0.,  0.]]]), 'C1': array([[[ 0.        ,  0.09492882,  0.09541867, ...,  0.098718  ,
          0.09918442,  0.09978838],
        [ 0.09492882,  0.        ,  0.09685607, ...,  0.09489964,
          0.09685932,  0.09936145],
        [ 0.09541867,  0.09685607,  0.        , ...,  0.09800514,
          0.09648832,  0.09915969],
        ..., 
        [ 0.098718  ,  0.09489964,  0.09800514, ...,  0.        ,
          0.0989765 ,  0.0969312 ],
        [ 0.09918442,  0.09685932,  0.09648832, ...,  0.0989765 ,
          0.        ,  0.09970155],
        [ 0.09978838,  0.09936145,  0.09915969, ...,  0.0969312 ,
          0.09970155,  0.        ]],

       [[ 0.        ,  0.09517872,  0.09471732, ...,  0.09794807,
          0.09477035,  0.09550369],
        [ 0.09517872,  0.        ,  0.08412204, ...,  0.09650258,
          0.09073178,  0.0954464 ],
        [ 0.09471732,  0.08412204,  0.        , ...,  0.09689331,
          0.08895812,  0.09446932],
        ..., 
        [ 0.09794807,  0.09650258,  0.09689331, ...,  0.        ,
          0.09750718,  0.0987899 ],
        [ 0.09477035,  0.09073178,  0.08895812, ...,  0.09750718,
          0.        ,  0.08797163],
        [ 0.09550369,  0.0954464 ,  0.09446932, ...,  0.0987899 ,
          0.08797163,  0.        ]],

       [[ 0.        ,  0.1       ,  0.1       , ...,  0.08      ,
          0.1       ,  0.1       ],
        [ 0.1       ,  0.        ,  0.075     , ...,  0.1       ,
          0.075     ,  0.06      ],
        [ 0.1       ,  0.075     ,  0.        , ...,  0.1       ,
          0.06666667,  0.08      ],
        ..., 
        [ 0.08      ,  0.1       ,  0.1       , ...,  0.        ,
          0.1       ,  0.1       ],
        [ 0.1       ,  0.075     ,  0.06666667, ...,  0.1       ,
          0.        ,  0.05      ],
        [ 0.1       ,  0.06      ,  0.08      , ...,  0.1       ,
          0.05      ,  0.        ]]]), 'K': 15, 'L': 25}. Average performances: {'R^2': 0.7938583359067358, 'MSE': 2.4038961659516613, 'Rp': 0.89144519921300458}. 
All performances: {'R^2': [0.7987559887444471, 0.7934940992233844, 0.7999693083353878, 0.7875879105288268, 0.7894843727016329], 'MSE': [2.3955040834405721, 2.368487872179569, 2.3642991881914974, 2.4463525823340873, 2.4448371036125796], 'Rp': [0.89387665505771852, 0.89107128711188877, 0.89459073907903786, 0.88833352406986799, 0.88935379074650955]}. 
Tried parameters {'C2': array([[[ 0.,  0.,  0., ...,  0.,  0.,  0.],
        [ 0.,  0.,  0., ...,  0.,  0.,  0.],
        [ 0.,  0.,  0., ...,  0.,  0.,  0.],
        ..., 
        [ 0.,  0.,  0., ...,  0.,  0.,  0.],
        [ 0.,  0.,  0., ...,  0.,  0.,  0.],
        [ 0.,  0.,  0., ...,  0.,  0.,  0.]],

       [[ 0.,  0.,  0., ...,  0.,  0.,  0.],
        [ 0.,  0.,  0., ...,  0.,  0.,  0.],
        [ 0.,  0.,  0., ...,  0.,  0.,  0.],
        ..., 
        [ 0.,  0.,  0., ...,  0.,  0.,  0.],
        [ 0.,  0.,  0., ...,  0.,  0.,  0.],
        [ 0.,  0.,  0., ...,  0.,  0.,  0.]],

       [[ 0.,  0.,  0., ...,  0.,  0.,  0.],
        [ 0.,  0.,  0., ...,  0.,  0.,  0.],
        [ 0.,  0.,  0., ...,  0.,  0.,  0.],
        ..., 
        [ 0.,  0.,  0., ...,  0.,  0.,  0.],
        [ 0.,  0.,  0., ...,  0.,  0.,  0.],
        [ 0.,  0.,  0., ...,  0.,  0.,  0.]]]), 'C1': array([[[ 0.        ,  0.94928815,  0.95418667, ...,  0.98718004,
          0.99184421,  0.99788383],
        [ 0.94928815,  0.        ,  0.96856074, ...,  0.94899638,
          0.96859321,  0.99361447],
        [ 0.95418667,  0.96856074,  0.        , ...,  0.98005139,
          0.96488317,  0.99159689],
        ..., 
        [ 0.98718004,  0.94899638,  0.98005139, ...,  0.        ,
          0.98976495,  0.96931196],
        [ 0.99184421,  0.96859321,  0.96488317, ...,  0.98976495,
          0.        ,  0.9970155 ],
        [ 0.99788383,  0.99361447,  0.99159689, ...,  0.96931196,
          0.9970155 ,  0.        ]],

       [[ 0.        ,  0.95178718,  0.94717324, ...,  0.97948067,
          0.9477035 ,  0.95503694],
        [ 0.95178718,  0.        ,  0.84122036, ...,  0.96502576,
          0.90731776,  0.95446401],
        [ 0.94717324,  0.84122036,  0.        , ...,  0.96893307,
          0.88958118,  0.94469318],
        ..., 
        [ 0.97948067,  0.96502576,  0.96893307, ...,  0.        ,
          0.9750718 ,  0.98789901],
        [ 0.9477035 ,  0.90731776,  0.88958118, ...,  0.9750718 ,
          0.        ,  0.87971632],
        [ 0.95503694,  0.95446401,  0.94469318, ...,  0.98789901,
          0.87971632,  0.        ]],

       [[ 0.        ,  1.        ,  1.        , ...,  0.8       ,
          1.        ,  1.        ],
        [ 1.        ,  0.        ,  0.75      , ...,  1.        ,
          0.75      ,  0.6       ],
        [ 1.        ,  0.75      ,  0.        , ...,  1.        ,
          0.66666667,  0.8       ],
        ..., 
        [ 0.8       ,  1.        ,  1.        , ...,  0.        ,
          1.        ,  1.        ],
        [ 1.        ,  0.75      ,  0.66666667, ...,  1.        ,
          0.        ,  0.5       ],
        [ 1.        ,  0.6       ,  0.8       , ...,  1.        ,
          0.5       ,  0.        ]]]), 'K': 15, 'L': 25}. Average performances: {'R^2': 0.7909049039180535, 'MSE': 2.4389199060559457, 'Rp': 0.88978977908904255}. 
All performances: {'R^2': [0.7929820004866432, 0.7857955850807873, 0.792606059111785, 0.7930520221280939, 0.7900888527829579], 'MSE': [2.457027339797365, 2.48028333435458, 2.3836585145091287, 2.3822451805937348, 2.4913851610249189], 'Rp': [0.89128100276824196, 0.88681784415356524, 0.89119987454545158, 0.8907758647889843, 0.88887430918897015]}. 
Tried parameters {'C2': array([[[ 0.,  0.,  0., ...,  0.,  0.,  0.],
        [ 0.,  0.,  0., ...,  0.,  0.,  0.],
        [ 0.,  0.,  0., ...,  0.,  0.,  0.],
        ..., 
        [ 0.,  0.,  0., ...,  0.,  0.,  0.],
        [ 0.,  0.,  0., ...,  0.,  0.,  0.],
        [ 0.,  0.,  0., ...,  0.,  0.,  0.]],

       [[ 0.,  0.,  0., ...,  0.,  0.,  0.],
        [ 0.,  0.,  0., ...,  0.,  0.,  0.],
        [ 0.,  0.,  0., ...,  0.,  0.,  0.],
        ..., 
        [ 0.,  0.,  0., ...,  0.,  0.,  0.],
        [ 0.,  0.,  0., ...,  0.,  0.,  0.],
        [ 0.,  0.,  0., ...,  0.,  0.,  0.]],

       [[ 0.,  0.,  0., ...,  0.,  0.,  0.],
        [ 0.,  0.,  0., ...,  0.,  0.,  0.],
        [ 0.,  0.,  0., ...,  0.,  0.,  0.],
        ..., 
        [ 0.,  0.,  0., ...,  0.,  0.,  0.],
        [ 0.,  0.,  0., ...,  0.,  0.,  0.],
        [ 0.,  0.,  0., ...,  0.,  0.,  0.]]]), 'C1': array([[[  0.        ,   9.49288154,   9.5418667 , ...,   9.87180044,
           9.9184421 ,   9.97883834],
        [  9.49288154,   0.        ,   9.68560743, ...,   9.48996378,
           9.68593211,   9.93614474],
        [  9.5418667 ,   9.68560743,   0.        , ...,   9.8005139 ,
           9.64883174,   9.91596892],
        ..., 
        [  9.87180044,   9.48996378,   9.8005139 , ...,   0.        ,
           9.89764954,   9.6931196 ],
        [  9.9184421 ,   9.68593211,   9.64883174, ...,   9.89764954,
           0.        ,   9.97015504],
        [  9.97883834,   9.93614474,   9.91596892, ...,   9.6931196 ,
           9.97015504,   0.        ]],

       [[  0.        ,   9.51787184,   9.47173241, ...,   9.79480667,
           9.47703505,   9.55036935],
        [  9.51787184,   0.        ,   8.41220361, ...,   9.65025755,
           9.07317759,   9.54464007],
        [  9.47173241,   8.41220361,   0.        , ...,   9.68933065,
           8.89581184,   9.44693183],
        ..., 
        [  9.79480667,   9.65025755,   9.68933065, ...,   0.        ,
           9.75071795,   9.87899015],
        [  9.47703505,   9.07317759,   8.89581184, ...,   9.75071795,
           0.        ,   8.79716321],
        [  9.55036935,   9.54464007,   9.44693183, ...,   9.87899015,
           8.79716321,   0.        ]],

       [[  0.        ,  10.        ,  10.        , ...,   8.        ,
          10.        ,  10.        ],
        [ 10.        ,   0.        ,   7.5       , ...,  10.        ,
           7.5       ,   6.        ],
        [ 10.        ,   7.5       ,   0.        , ...,  10.        ,
           6.66666667,   8.        ],
        ..., 
        [  8.        ,  10.        ,  10.        , ...,   0.        ,
          10.        ,  10.        ],
        [ 10.        ,   7.5       ,   6.66666667, ...,  10.        ,
           0.        ,   5.        ],
        [ 10.        ,   6.        ,   8.        , ...,  10.        ,
           5.        ,   0.        ]]]), 'K': 15, 'L': 25}. Average performances: {'R^2': 0.7888482459236564, 'MSE': 2.4629482031273771, 'Rp': 0.88863522662736494}. 
All performances: {'R^2': [0.7850401923992117, 0.7872619147370781, 0.7875328270104507, 0.7936955218918293, 0.790710773579712], 'MSE': [2.5062646925765053, 2.4580421878496543, 2.4871775614331066, 2.3760863352265629, 2.4871702385510566], 'Rp': [0.88621944985809376, 0.88792656949015503, 0.8878349259607331, 0.89159572628896255, 0.88959946153887981]}. 
Best performances: {'R^2': 0.7964382376399599, 'MSE': 2.3744075455721552, 'Rp': 0.89266456215257617}. Best parameters: {'C2': array([[[ 0.,  0.,  0., ...,  0.,  0.,  0.],
        [ 0.,  0.,  0., ...,  0.,  0.,  0.],
        [ 0.,  0.,  0., ...,  0.,  0.,  0.],
        ..., 
        [ 0.,  0.,  0., ...,  0.,  0.,  0.],
        [ 0.,  0.,  0., ...,  0.,  0.,  0.],
        [ 0.,  0.,  0., ...,  0.,  0.,  0.]],

       [[ 0.,  0.,  0., ...,  0.,  0.,  0.],
        [ 0.,  0.,  0., ...,  0.,  0.,  0.],
        [ 0.,  0.,  0., ...,  0.,  0.,  0.],
        ..., 
        [ 0.,  0.,  0., ...,  0.,  0.,  0.],
        [ 0.,  0.,  0., ...,  0.,  0.,  0.],
        [ 0.,  0.,  0., ...,  0.,  0.,  0.]],

       [[ 0.,  0.,  0., ...,  0.,  0.,  0.],
        [ 0.,  0.,  0., ...,  0.,  0.,  0.],
        [ 0.,  0.,  0., ...,  0.,  0.,  0.],
        ..., 
        [ 0.,  0.,  0., ...,  0.,  0.,  0.],
        [ 0.,  0.,  0., ...,  0.,  0.,  0.],
        [ 0.,  0.,  0., ...,  0.,  0.,  0.]]]), 'C1': array([[[ 0.        ,  0.00949288,  0.00954187, ...,  0.0098718 ,
          0.00991844,  0.00997884],
        [ 0.00949288,  0.        ,  0.00968561, ...,  0.00948996,
          0.00968593,  0.00993614],
        [ 0.00954187,  0.00968561,  0.        , ...,  0.00980051,
          0.00964883,  0.00991597],
        ..., 
        [ 0.0098718 ,  0.00948996,  0.00980051, ...,  0.        ,
          0.00989765,  0.00969312],
        [ 0.00991844,  0.00968593,  0.00964883, ...,  0.00989765,
          0.        ,  0.00997016],
        [ 0.00997884,  0.00993614,  0.00991597, ...,  0.00969312,
          0.00997016,  0.        ]],

       [[ 0.        ,  0.00951787,  0.00947173, ...,  0.00979481,
          0.00947704,  0.00955037],
        [ 0.00951787,  0.        ,  0.0084122 , ...,  0.00965026,
          0.00907318,  0.00954464],
        [ 0.00947173,  0.0084122 ,  0.        , ...,  0.00968933,
          0.00889581,  0.00944693],
        ..., 
        [ 0.00979481,  0.00965026,  0.00968933, ...,  0.        ,
          0.00975072,  0.00987899],
        [ 0.00947704,  0.00907318,  0.00889581, ...,  0.00975072,
          0.        ,  0.00879716],
        [ 0.00955037,  0.00954464,  0.00944693, ...,  0.00987899,
          0.00879716,  0.        ]],

       [[ 0.        ,  0.01      ,  0.01      , ...,  0.008     ,
          0.01      ,  0.01      ],
        [ 0.01      ,  0.        ,  0.0075    , ...,  0.01      ,
          0.0075    ,  0.006     ],
        [ 0.01      ,  0.0075    ,  0.        , ...,  0.01      ,
          0.00666667,  0.008     ],
        ..., 
        [ 0.008     ,  0.01      ,  0.01      , ...,  0.        ,
          0.01      ,  0.01      ],
        [ 0.01      ,  0.0075    ,  0.00666667, ...,  0.01      ,
          0.        ,  0.005     ],
        [ 0.01      ,  0.006     ,  0.008     , ...,  0.01      ,
          0.005     ,  0.        ]]]), 'K': 15, 'L': 25}. 
